SR_B1,SR_B2,SR_B3,SR_B4,SR_B5,SR_B6,SR_B7,longitude,latitude,time,ST_B10,system:index
1.052405,1.1120525,1.1144725000000002,1.186935,1.1909775,0.2955775,0.2764375,-102.00006233487099,43.999976689580436,1.576517783759E12,256.72573634,0
0.6884975,0.6921275,0.6361650000000001,0.6669100000000001,0.6609425,0.242585,0.254025,-102.00006233487099,44.09995918070293,1.576517783759E12,257.08804646,1
0.5822100000000001,0.58232,0.5466525,0.5673600000000001,0.55383,0.115095,0.12669999999999998,-102.00006233487099,44.199941671825435,1.576517783759E12,264.91873028,2
0.8429375000000001,0.8642225000000001,0.8368325000000001,0.8730775000000002,0.8412325,0.212995,0.22941250000000002,-102.00006233487099,44.29992416294794,1.576517783759E12,263.56177634,3
0.5762425,0.621975,0.6528849999999999,0.7350275,0.7795775,0.18436750000000002,0.15807749999999998,-102.00006233487099,44.39990665407044,1.576517783759E12,268.4768891,4
0.22460000000000002,0.2290275,0.254025,0.32569,0.4757025,0.20843,0.13607750000000002,-102.00006233487099,44.499889145192945,1.576517783759E12,268.30257008,5
0.6475774999999999,0.6742250000000001,0.6514550000000001,0.7317,0.7896700000000001,0.33845,0.2788025,-102.00006233487099,44.59987163631545,1.576517783759E12,267.2805821,6
1.170655,1.2070100000000001,1.19337,1.2309350000000001,1.1829475,0.289775,0.28983000000000003,-102.00006233487099,44.700123622023185,1.576517783759E12,255.52259329999998,7
1.0144000000000002,1.0134100000000001,0.9591800000000001,0.962755,0.8904850000000002,0.33979750000000003,0.32541499999999995,-102.00006233487099,44.80010611314569,1.576517783759E12,251.71491902,8
0.8454125000000001,0.8417275000000002,0.7786975,0.7784500000000001,0.7094525,0.17204750000000002,0.19041750000000002,-102.00006233487099,44.90008860426819,1.576517783759E12,257.12222666,9
0.9341000000000002,0.9373725000000002,0.877615,0.8853150000000001,0.806335,0.18989499999999998,0.20969500000000002,-102.00006233487099,45.000071095390695,1.576517783759E12,257.18375102,10
0.9906400000000002,1.000045,0.9498025000000001,0.9636075000000002,0.8872950000000002,0.22294999999999998,0.23571000000000003,-102.00006233487099,45.1000535865132,1.576517783759E12,254.7535388,11
0.9052250000000002,0.9045375,0.8454400000000002,0.8531675000000001,0.7890375000000001,0.2669225,0.262275,-102.00006233487099,45.2000360776357,1.576517783759E12,251.45173147999998,12
1.119285,1.1170025000000001,1.0475100000000002,1.0481150000000001,0.9619025000000001,0.4112425,0.351925,-102.00006233487099,45.300018568758205,1.576517783759E12,245.61717134,13
0.054237499999999994,0.07068249999999998,0.0954875,0.11867,0.2218775,0.1487,0.08586250000000001,-102.00006233487099,45.40000105988071,1.573752963438E12,278.73436712,14
0.017992499999999995,0.0325125,0.06240499999999999,0.0868525,0.195065,0.1884925,0.10442499999999999,-102.00006233487099,45.49998355100321,1.573752963438E12,279.34277468,15
0.026269999999999988,0.04288,0.07659500000000002,0.10249999999999998,0.20397500000000002,0.1622575,0.09161000000000002,-102.00006233487099,45.599966042125715,1.573752963438E12,278.372057,16
0.03685749999999999,0.05852750000000001,0.08831,0.12048500000000001,0.23087000000000002,0.151835,0.08217750000000001,-102.00006233487099,45.69994853324822,1.573752963438E12,277.56882229999997,17
0.24679250000000003,0.276685,0.30836500000000006,0.33146499999999995,0.33787249999999996,0.19154500000000002,0.1909675,-102.00006233487099,45.799931024370714,1.573752963438E12,274.5780548,18
0.08061000000000001,0.10777999999999999,0.15906750000000003,0.19052750000000002,0.269975,0.08902500000000002,0.05707000000000001,-102.00006233487099,45.89991351549322,1.573752963438E12,275.60687882,19
0.2957425,0.3099325,0.3352875,0.35676500000000005,0.38269749999999997,0.050992499999999996,0.032897499999999996,-102.00006233487099,45.99989600661572,1.573752963438E12,274.19181854,20
0.12119999999999997,0.1414125,0.1861275,0.2081,0.2904625,0.07213999999999998,0.043292499999999984,-102.00006233487099,46.099878497738224,1.573752963438E12,274.95061898,21
0.07469749999999997,0.08973999999999999,0.13792,0.16882999999999998,0.2914525,0.16803250000000003,0.10010750000000002,-102.00006233487099,46.20013048344597,1.573752963438E12,277.15524188,22
0.09859499999999999,0.11614000000000002,0.1525225,0.1738075,0.2899125,0.10984250000000001,0.06531999999999999,-102.00006233487099,46.30011297456847,1.573752963438E12,276.93648859999996,23
0.025334999999999996,0.042192499999999994,0.07222250000000002,0.09254499999999999,0.19693500000000003,0.17509999999999998,0.10596499999999998,-102.00006233487099,46.40009546569097,1.573752963438E12,277.99949282,24
0.0381775,0.05415500000000001,0.09633999999999998,0.12243749999999998,0.2704975,0.18461500000000003,0.11295,-102.00006233487099,46.50007795681347,1.573752963438E12,276.1845242,25
0.006964999999999999,0.02541750000000001,0.06314750000000002,0.08503749999999999,0.24712250000000002,0.21492,0.12208000000000002,-102.00006233487099,46.600060447935974,1.573752963438E12,278.91210416,26
0.1457025,0.1674,0.22294999999999998,0.2437125,0.3936975,0.13775500000000002,0.08017000000000002,-102.00006233487099,46.70004293905848,1.573752963438E12,276.89889038,27
0.3063025,0.3317125,0.34471999999999997,0.3993075,0.45769,0.061580000000000024,0.040982500000000005,-102.00006233487099,46.80002543018098,1.573752963438E12,274.10295002,28
1.1066900000000002,1.1307800000000001,1.0802075,1.095855,1.0166825000000002,0.08118750000000002,0.10552499999999998,-102.00006233487099,46.900007921303484,1.573752963438E12,264.93240235999997,29
0.7944,0.7444325,0.6198025,0.6068775,0.5646925,0.06864749999999997,0.07725500000000002,-102.00006233487099,46.99999041242599,1.573752963438E12,264.7170671,30
1.351825,1.42591,1.4675175,1.5240850000000001,1.46463,0.14380500000000002,0.16860999999999998,-102.00006233487099,47.09997290354849,1.576517735994E12,265.61942438,31
1.1638350000000002,1.1795650000000002,1.1040500000000002,1.1068,0.9832700000000001,0.0203025,0.06969249999999999,-102.00006233487099,47.199955394670994,1.576517735994E12,262.92944264,32
1.1776675,1.2252975000000002,1.1572075000000002,1.2156725000000002,1.1832500000000001,0.11729499999999998,0.1314575,-102.00006233487099,47.2999378857935,1.576517735994E12,261.08371184,33
1.2328875000000001,1.268445,1.2300550000000001,1.2532925000000001,1.1625425,0.07739249999999998,0.097165,-102.00006233487099,47.399920376916,1.577122905157E12,264.02320904,34
1.1107600000000002,1.117415,1.0230350000000001,1.0211375,0.9523050000000002,0.40887750000000006,0.3991425,-102.00006233487099,47.499902868038504,1.577122905157E12,229.4601908,35
0.6488149999999999,0.6277775000000001,0.62401,0.6083075,0.54569,0.193855,0.20007000000000003,-102.00006233487099,47.599885359161,1.577122905157E12,244.70114198,36
0.505045,0.48323750000000004,0.4268625,0.44589249999999997,0.4172925,0.10049249999999998,0.1258475,-102.00006233487099,47.6998678502835,1.577122905157E12,255.29358596,37
0.737255,0.71608,0.6520600000000001,0.655745,0.614825,0.2411275,0.24065999999999999,-102.00006233487099,47.80011983599125,1.577122905157E12,244.43453642,38
0.31315,0.28103,0.23983500000000002,0.2570225,0.273605,0.07191999999999998,0.09826499999999999,-102.00006233487099,47.90010232711375,1.577122905157E12,256.60268762,39
0.45449999999999996,0.45590250000000004,0.43272000000000005,0.46319000000000005,0.454115,0.00935749999999999,0.05118499999999998,-102.00006233487099,48.00008481823625,1.577122905157E12,262.1877323,40
0.3206575,0.29489,0.2766575,0.30597250000000004,0.30660499999999996,-0.0610425,-0.005877500000000008,-102.00006233487099,48.10006730935875,1.577122905157E12,264.74441126,41
0.46063250000000006,0.4717425,0.50433,0.52721,0.5395025,0.2587,0.26266,-102.00006233487099,48.20004980048125,1.575740484235E12,230.8273988,42
0.5209125000000001,0.541015,0.5304825,0.5571025000000001,0.5724199999999999,0.2434925,0.2512475,-102.00006233487099,48.300032291603756,1.575740484235E12,238.6888448,43
0.4631625,0.477875,0.47617000000000004,0.490635,0.47883749999999997,0.11316999999999999,0.1410825,-102.00006233487099,48.40001478272626,1.575740484235E12,247.87648256,44
0.4155325,0.4340675,0.4523,0.48098250000000004,0.48477750000000003,0.1512575,0.16591499999999998,-102.00006233487099,48.49999727384876,1.575740484235E12,252.52498975999998,45
0.46902000000000005,0.49132250000000005,0.4686075,0.496025,0.5085925,0.22204250000000003,0.21987,-102.00006233487099,48.599979764971266,1.575740484235E12,248.39260358,46
0.5065575,0.5186850000000001,0.5295475000000001,0.5596325,0.5891949999999999,0.2671425,0.254905,-102.00006233487099,48.69996225609377,1.575740484235E12,242.72894444,47
0.7511975,0.7647824999999999,0.7442124999999999,0.762775,0.7205625,0.28119500000000003,0.271735,-102.00006233487099,48.79994474721627,1.575740484235E12,236.90805638,48
0.9240075000000001,0.9407000000000001,0.888725,0.8944450000000002,0.8134300000000001,0.24869000000000002,0.256555,-102.00006233487099,48.899927238338776,1.575740484235E12,231.6306335,49
0.6465964278573719,0.6612633394499164,0.6452195812534892,0.6524682783497266,0.6601552796524491,0.20777632351664507,0.18882709697766564,-102.00006233487098,48.99990972946129,1.575740484235E12,257.18690065147786,50
,,,,,,,,,1.575740484235E12,,51
,,,,,,,,,1.575740484235E12,,52
,,,,,,,,,1.575740484235E12,,53
,,,,,,,,,1.575740484235E12,,54
,,,,,,,,,1.575740484235E12,,55
,,,,,,,,,1.575740484235E12,,56
,,,,,,,,,1.575740484235E12,,57
,,,,,,,,,1.574358060528E12,,58
,,,,,,,,,1.574358060528E12,,59
,,,,,,,,,1.575479836504E12,,60
,,,,,,,,,1.575479836504E12,,61
,,,,,,,,,1.575479836504E12,,62
,,,,,,,,,1.575479836504E12,,63
,,,,,,,,,1.575479836504E12,,64
,,,,,,,,,1.575479836504E12,,65
,,,,,,,,,1.575479836504E12,,66
,,,,,,,,,1.575479836504E12,,67
,,,,,,,,,1.575479836504E12,,68
,,,,,,,,,1.575479836504E12,,69
,,,,,,,,,1.575479836504E12,,70
,,,,,,,,,1.575479836504E12,,71
,,,,,,,,,1.575479836504E12,,72
,,,,,,,,,1.575479836504E12,,73
,,,,,,,,,1.575479836504E12,,74
,,,,,,,,,1.575479836504E12,,75
,,,,,,,,,1.575479812613E12,,76
,,,,,,,,,1.575479812613E12,,77
,,,,,,,,,1.575479812613E12,,78
,,,,,,,,,1.575479812613E12,,79
,,,,,,,,,1.575479812613E12,,80
,,,,,,,,,1.575479812613E12,,81
,,,,,,,,,1.575479812613E12,,82
,,,,,,,,,1.575479812613E12,,83
,,,,,,,,,1.575479812613E12,,84
,,,,,,,,,1.575479812613E12,,85
,,,,,,,,,1.575479812613E12,,86
,,,,,,,,,1.575479812613E12,,87
,,,,,,,,,1.575479812613E12,,88
,,,,,,,,,1.575479788718E12,,89
,,,,,,,,,1.575479788718E12,,90
,,,,,,,,,1.575479788718E12,,91
,,,,,,,,,1.575479788718E12,,92
,,,,,,,,,1.575479788718E12,,93
,,,,,,,,,1.575479788718E12,,94
,,,,,,,,,1.575479788718E12,,95
,,,,,,,,,1.575479788718E12,,96
,,,,,,,,,1.575479788718E12,,97
,,,,,,,,,1.575479788718E12,,98
,,,,,,,,,1.575479788718E12,,99
,,,,,,,,,1.575479788718E12,,100
,,,,,,,,,1.575479788718E12,,101
,,,,,,,,,1.575479788718E12,,102
,,,,,,,,,1.575479788718E12,,103
,,,,,,,,,1.575479788718E12,,104
,,,,,,,,,1.575479788718E12,,105
,,,,,,,,,1.577467331278E12,,106
,,,,,,,,,1.577467331278E12,,107
,,,,,,,,,1.577467331278E12,,108
,,,,,,,,,1.577467331278E12,,109
,,,,,,,,,1.577467331278E12,,110
,,,,,,,,,1.577467331278E12,,111
,,,,,,,,,1.577467331278E12,,112
,,,,,,,,,1.577467331278E12,,113
,,,,,,,,,1.577467331278E12,,114
,,,,,,,,,1.577467331278E12,,115
,,,,,,,,,1.577467331278E12,,116
,,,,,,,,,1.577467307387E12,,117
0.21241749999999998,0.2053775,0.247975,0.2802325,0.3813775,0.3117475,0.2576,-101.90007984374849,29.80003749891792,1.577467307387E12,246.66650348000002,118
0.4627225,0.45582000000000006,0.44795500000000005,0.459065,0.51599,0.36025750000000006,0.3207125,-101.90007984374849,29.900019990040423,1.577467307387E12,221.2398527,119
0.4864825,0.47556499999999996,0.46198,0.47176999999999997,0.50345,0.31565250000000006,0.2823775,-101.90007984374849,30.000002481162923,1.577467307387E12,235.12726795999998,120
0.7798800000000001,0.7674225000000001,0.7234499999999999,0.7157500000000001,0.7047224999999999,0.383715,0.31246250000000003,-101.90007984374849,30.099984972285426,1.577467307387E12,243.48774487999998,121
1.00197,0.9972675000000002,0.9357500000000001,0.92398,0.8963425,0.43184000000000006,0.36716,-101.90007984374849,30.19996746340793,1.577467307387E12,224.6920529,122
1.08535,1.073965,1.0172325,0.9998525,0.9568150000000002,0.38399,0.37761000000000006,-101.90007984374849,30.299949954530433,1.577467307387E12,189.65051186,123
1.0257575,1.0145375,0.9440550000000001,0.9278575,0.8872125000000002,0.35552750000000005,0.3408975,-101.90007984374849,30.399932445652937,1.577467307387E12,186.69392456,124
0.9664950000000001,0.9533775,0.8933450000000001,0.8786875000000001,0.8422775,0.39026,0.3446925,-101.90007984374849,30.49991493677544,1.577467307387E12,210.60297445999998,125
1.05675,1.0478125,0.9771650000000001,0.9618475000000002,0.9214775000000002,0.38506250000000003,0.346535,-101.90007984374849,30.59989742789794,1.577467307387E12,200.24979188,126
0.9483175000000001,0.9350350000000001,0.8663400000000001,0.8518750000000002,0.8179675000000002,0.3646025,0.31414000000000003,-101.90007984374849,30.699879919020443,1.577467307387E12,218.8814189,127
0.8572375000000001,0.8425250000000002,0.7923925,0.7785599999999999,0.757935,0.38484250000000003,0.340925,-101.90007984374849,30.800131904728183,1.577467307387E12,218.40973214000002,128
0.879375,0.866395,0.8239625000000002,0.8088650000000002,0.79077,0.41209500000000004,0.39982999999999996,-101.90007984374849,30.900114395850686,1.577467307387E12,192.68571362,129
0.958245,0.9482900000000001,0.8834725000000001,0.8735175000000002,0.8403800000000001,0.357315,0.34466500000000005,-101.90007984374849,31.00009688697319,1.577467307387E12,211.57027412,130
0.07629249999999999,0.08798,0.12466500000000003,0.14619749999999998,0.26816,0.33534250000000004,0.2609825,-101.90007984374849,31.10007937809569,1.567790505783E12,323.78728874,131
0.4871975,0.495145,0.43615750000000003,0.45617749999999996,0.49828,0.30479000000000006,0.24087999999999998,-101.90007984374849,31.200061869218192,1.567790505783E12,271.85389286,132
0.24627,0.22985250000000002,0.2454175,0.27660250000000003,0.349065,0.266895,0.22000750000000002,-101.90007984374849,31.300044360340696,1.567790505783E12,265.20926198,133
0.7177850000000001,0.7084349999999999,0.64821,0.6476600000000001,0.6415550000000001,0.34224499999999997,0.2606525,-101.90007984374849,31.4000268514632,1.577467283492E12,266.34404462,134
0.7487225,0.77152,0.654755,0.68374,0.7150624999999999,0.39831750000000005,0.33715750000000005,-101.90007984374849,31.500009342585702,1.577467283492E12,250.30669478,135
0.47793,0.46770000000000006,0.449605,0.46217250000000004,0.49498000000000003,0.33344500000000005,0.29923500000000003,-101.90007984374849,31.599991833708206,1.577467283492E12,248.21486654,136
0.543105,0.5288875,0.5249824999999999,0.53139,0.5465424999999999,0.35684750000000004,0.3006925,-101.90007984374849,31.699974324830706,1.577467283492E12,247.4047958,137
0.68011,0.6671024999999999,0.6143575000000001,0.61235,0.6033025000000001,0.362485,0.29464250000000003,-101.90007984374849,31.79995681595321,1.577467283492E12,265.34598278,138
0.33490250000000005,0.299455,0.33600250000000004,0.33765249999999997,0.35962500000000003,0.2275975,0.1668775,-101.90007984374849,31.899939307075712,1.577467283492E12,272.22645704,139
0.97139,0.9529100000000001,0.8959300000000001,0.8735725000000001,0.82718,0.44647,0.32324250000000004,-101.90007984374849,31.999921798198216,1.577467283492E12,262.32103508,140
0.9139425000000001,0.9252450000000001,0.7751224999999999,0.7907975,0.7907975,0.3704325,0.24484,-101.90007984374849,32.09990428932072,1.577467283492E12,275.18304434,141
0.9272525,0.926895,0.85666,0.8593275,0.8601800000000002,0.5060899999999999,0.3841275,-101.90007984374849,32.19988678044322,1.577467283492E12,276.10932776,142
1.16202,1.1532200000000001,1.0942325000000002,1.0800150000000002,1.025015,0.5446725000000001,0.37084500000000004,-101.90007984374849,32.299869271565726,1.577467283492E12,273.90128684,143
1.2976500000000002,1.3103550000000002,1.2556850000000002,1.2644025,1.2190825,0.71113,0.4999575,-101.90007984374849,32.40012125727346,1.577467283492E12,270.70543814,144
1.1380675,1.1340800000000002,1.0931875000000002,1.0788325,1.021055,0.48794,0.34246499999999996,-101.90007984374849,32.500103748395965,1.577467283492E12,250.59380846,145
0.8260800000000001,0.7999275000000001,0.7414624999999999,0.715695,0.671915,0.355115,0.240715,-101.90007984374849,32.60008623951847,1.577467283492E12,263.33960504,146
0.7577425,0.7498775,0.707665,0.7151449999999999,0.708545,0.4783975,0.337405,-101.90007984374849,32.70006873064097,1.576084863256E12,275.14886414,147
0.772675,0.768165,0.7174,0.7240275,0.7262550000000001,0.48156000000000004,0.34736000000000006,-101.90007984374849,32.800051221763475,1.576084863256E12,270.61998764,148
0.7396199999999999,0.7358525,0.6879200000000001,0.69672,0.6893225000000001,0.47507000000000005,0.37125749999999996,-101.90007984374849,32.90003371288598,1.576084863256E12,267.73859677999997,149
0.5831999999999999,0.5735475000000001,0.5262475,0.5361475,0.5582575000000001,0.4089875,0.3358925,-101.90007984374849,33.00001620400848,1.576084863256E12,265.0075988,150
0.44765250000000006,0.44495750000000006,0.43090500000000004,0.4539775,0.49874750000000007,0.45029250000000004,0.38148750000000003,-101.90007984374849,33.099998695130985,1.576084863256E12,270.00132601999996,151
0.5762149999999999,0.5763525,0.5487150000000001,0.5624100000000001,0.5960425,0.4994625,0.41875,-101.90007984374849,33.19998118625348,1.576084863256E12,269.17074716,152
0.6843174999999999,0.6972149999999999,0.66812,0.6944925,0.7230099999999999,0.5913950000000001,0.5076849999999999,-101.90007984374849,33.299963677375985,1.576084863256E12,270.65758586,153
0.7058774999999999,0.7214975000000001,0.691935,0.7196549999999999,0.7414350000000001,0.5590275,0.46910250000000003,-101.90007984374849,33.39994616849849,1.576084863256E12,265.15799168,154
0.1402025,0.1575275,0.24418,0.32525,0.43956750000000006,0.3430975,0.297365,-101.90007984374849,33.49992865962099,1.576084863256E12,269.5193852,155
0.03809499999999999,0.05363249999999997,0.08011499999999999,0.09755000000000003,0.14564749999999999,0.1973475,0.16751,-101.90007984374849,33.599911150743495,1.576084863256E12,282.3540503,156
0.12064999999999998,0.15323750000000003,0.212995,0.267885,0.3648775,0.41941,0.323435,-101.90007984374849,33.699893641866,1.576084863256E12,280.14942740000004,157
0.41952000000000006,0.43541500000000005,0.42265500000000006,0.475455,0.5374399999999999,0.4376425,0.37230250000000004,-101.90007984374849,33.7998761329885,1.576084863256E12,271.31042768,158
0.5943100000000001,0.6036600000000001,0.5811925,0.6122125,0.6458174999999999,0.50576,0.4450125,-101.90007984374849,33.90012811869624,1.576084863256E12,271.35827996,159
0.5053475000000001,0.5074375,0.49355,0.5236075,0.5770949999999999,0.42658750000000006,0.37893000000000004,-101.90007984374849,34.00011060981874,1.576084863256E12,265.29129446,160
0.6300049999999999,0.6330024999999999,0.603715,0.62456,0.6482375,0.43753250000000005,0.38445750000000006,-101.90007984374849,34.100093100941244,1.568395607805E12,264.36842906,161
0.6972149999999999,0.7069225000000001,0.6871775,0.7139625,0.7387950000000001,0.54602,0.47446499999999997,-101.90007984374849,34.20007559206375,1.568395607805E12,266.8191494,162
0.037654999999999994,0.05426500000000001,0.09768749999999998,0.12903750000000003,0.3135075,0.29868500000000003,0.20205,-101.90007984374849,34.30005808318625,1.568395607805E12,306.59806616000003,163
0.05426500000000001,0.0739825,0.11220750000000002,0.15829749999999998,0.2586175,0.3523375,0.272175,-101.90007984374849,34.400040574308754,1.576690008907E12,285.4644485,164
0.05071749999999997,0.06155250000000001,0.10167500000000002,0.13162249999999998,0.3404025,0.3115275,0.23537999999999998,-101.90007984374849,34.50002306543126,1.576690008907E12,284.94149144,165
0.04956250000000001,0.05904999999999999,0.08536749999999999,0.11256500000000003,0.1876675,0.26147750000000003,0.23650749999999998,-101.90007984374849,34.60000555655376,1.576690008907E12,286.91368897999996,166
0.057730000000000004,0.06911499999999998,0.09086749999999999,0.1137475,0.19885999999999998,0.32585500000000006,0.2389,-101.90007984374849,34.699988047676264,1.576690008907E12,286.94103314,167
0.04816000000000001,0.0623225,0.08580749999999998,0.11976999999999999,0.194845,0.295275,0.211785,-101.90007984374849,34.79997053879877,1.576690008907E12,285.30721958000004,168
0.04873749999999999,0.06177250000000001,0.08858500000000002,0.11042000000000002,0.24701250000000002,0.3065225,0.218935,-101.90007984374849,34.899953029921264,1.576690008907E12,285.76181624000003,169
0.0413675,0.049205,0.06597999999999998,0.08297500000000002,0.15007500000000001,0.2027925,0.15568500000000002,-101.90007984374849,34.99993552104377,1.576690008907E12,284.32624784,170
0.0503325,0.06047999999999998,0.08822750000000001,0.09642250000000002,0.3457925,0.25837,0.18629250000000003,-101.90007984374849,35.09991801216627,1.576690008907E12,285.3619079,171
0.05195499999999997,0.060865,0.0904275,0.11212499999999997,0.1787575,0.22141,0.17356,-101.90007984374849,35.199900503288774,1.576690008907E12,285.12606452,172
0.052202499999999985,0.06378,0.0891075,0.1223825,0.18830000000000002,0.2815525,0.20680749999999998,-101.90007984374849,35.29988299441128,1.576690008907E12,286.98204938000003,173
0.04122999999999999,0.05140499999999998,0.07136999999999999,0.09669749999999999,0.15615250000000003,0.2469575,0.17081000000000002,-101.90007984374849,35.39986548553378,1.576690008907E12,284.55183716,174
0.059242499999999976,0.072745,0.10258250000000002,0.138745,0.22380250000000002,0.318155,0.2430525,-101.90007984374849,35.500117471241516,1.57668998502E12,284.06306029999996,175
0.048875,0.06397249999999999,0.09161000000000002,0.12472,0.18997750000000002,0.29797,0.20117000000000002,-101.90007984374849,35.60009996236402,1.57668998502E12,284.19636307999997,176
0.05269750000000001,0.06663999999999998,0.09422249999999999,0.12496750000000001,0.195065,0.2886475,0.2040575,-101.90007984374849,35.70008245348652,1.57668998502E12,283.840889,177
0.06430249999999998,0.0779975,0.10390250000000001,0.1381675,0.2115375,0.3302825,0.2576825,-101.90007984374849,35.800064944609026,1.57668998502E12,286.61290322,178
0.049095,0.059435000000000016,0.08586250000000001,0.11130000000000001,0.22605750000000002,0.2774,0.2333175,-101.90007984374849,35.90004743573153,1.57668998502E12,287.43664604,179
0.05608000000000002,0.0713975,0.10415000000000002,0.13376749999999998,0.1692975,0.20689000000000002,0.1977875,-101.90007984374849,36.00002992685403,1.57668998502E12,285.54306296,180
0.06958249999999999,0.09028999999999998,0.132035,0.1749075,0.2751175,0.3511,0.270525,-101.90007984374849,36.10001241797654,1.57668998502E12,285.3619079,181
0.053852500000000025,0.06314750000000002,0.09061999999999998,0.11834,0.24591249999999998,0.2926625,0.243245,-101.90007984374849,36.19999490909904,1.57668998502E12,285.95664338,182
0.06380750000000002,0.072745,0.09469,0.12370249999999999,0.18271749999999998,0.3089975,0.25542750000000003,-101.90007984374849,36.29997740022154,1.57668998502E12,285.4473584,183
0.061112500000000014,0.07549499999999998,0.109925,0.15513500000000002,0.25677500000000003,0.33897249999999995,0.2545475,-101.90007984374849,36.39995989134405,1.57668998502E12,286.17197864,184
0.06468750000000001,0.07807999999999998,0.10860500000000001,0.14749,0.2398075,0.34664500000000004,0.288015,-101.90007984374849,36.49994238246655,1.57668998502E12,286.64024738,185
0.09510249999999998,0.1348125,0.206065,0.30346999999999996,0.47556499999999996,0.4161925,0.26125750000000003,-101.90007984374849,36.599924873589046,1.57668998502E12,285.26962136,186
0.05577749999999998,0.06493500000000002,0.08302999999999999,0.12576500000000002,0.222895,0.32038249999999996,0.21645999999999999,-101.90007984374849,36.69990736471155,1.57668998502E12,286.24717508000003,187
0.05387999999999998,0.06928000000000001,0.09595500000000001,0.1367375,0.21307750000000003,0.31581750000000003,0.21285749999999998,-101.90007984374849,36.79988985583405,1.57668998502E12,285.55673504000004,188
0.07483499999999998,0.09587250000000003,0.14641749999999998,0.20590000000000003,0.30726499999999995,0.3805525,0.31323249999999997,-101.90007984374849,36.899872346956556,1.576689961129E12,286.00791368,189
0.033420000000000005,0.05775750000000002,0.09994249999999999,0.13968000000000003,0.23579250000000002,0.2832575,0.2129125,-101.90007984374849,37.0001243326643,1.576689961129E12,282.78472081999996,190
0.05729000000000001,0.07079249999999998,0.10260999999999998,0.1387175,0.20779750000000002,0.2906275,0.22336250000000002,-101.90007984374849,37.1001068237868,1.576689961129E12,282.0464285,191
0.064,0.07533000000000001,0.10371000000000002,0.1355825,0.1967425,0.2898025,0.21959499999999998,-101.90007984374849,37.2000893149093,1.576689961129E12,281.78324096,192
0.029404999999999987,0.040157499999999985,0.061195,0.08850249999999998,0.15224749999999998,0.23177750000000003,0.13992749999999998,-101.90007984374849,37.3000718060318,1.576689961129E12,280.764671,193
0.06592500000000001,0.07758500000000002,0.10965000000000003,0.139735,0.210465,0.29128750000000003,0.2579025,-101.90007984374849,37.400054297154306,1.576689961129E12,284.10749455999996,194
0.07134249999999998,0.084515,0.121145,0.16352250000000002,0.23142000000000001,0.33300500000000005,0.30770500000000006,-101.90007984374849,37.50003678827681,1.576689961129E12,282.0635186,195
0.06034250000000002,0.07571499999999998,0.10016249999999999,0.1350325,0.2093375,0.332455,0.22196,-101.90007984374849,37.60001927939931,1.576689961129E12,284.68513994,196
0.03386,0.05071749999999997,0.0800325,0.11229,0.21084999999999998,0.24445499999999998,0.15266000000000002,-101.90007984374849,37.700001770521816,1.576689961129E12,282.98296598,197
0.042550000000000004,0.05729000000000001,0.07816250000000002,0.10258250000000002,0.15750000000000003,0.2620825,0.1876675,-101.90007984374849,37.79998426164432,1.576689961129E12,283.68024205999996,198
0.043375,0.05709750000000002,0.0800325,0.12499500000000002,0.20760499999999998,0.26959,0.1650625,-101.90007984374849,37.89996675276682,1.576689961129E12,281.44485698,199
0.07180999999999998,0.08924500000000002,0.120815,0.15747250000000002,0.22506750000000003,0.3381475,0.25856250000000003,-101.90007984374849,37.999949243889326,1.576689961129E12,281.65677422,200
0.05005749999999998,0.06188250000000001,0.07964749999999998,0.103765,0.151065,0.2596075,0.1846425,-101.90007984374849,38.09993173501183,1.576689961129E12,275.80512397999996,201
0.062350000000000017,0.07412000000000002,0.10379250000000001,0.1312375,0.2238575,0.2867775,0.24869000000000002,-101.90007984374849,38.19991422613433,1.576689961129E12,284.27497754,202
0.08272750000000001,0.11347249999999998,0.164815,0.22729500000000002,0.32832999999999996,0.37227499999999997,0.28221250000000003,-101.90007984374849,38.299896717256836,1.576689961129E12,282.80864696000003,203
0.06595250000000002,0.07970250000000001,0.10733999999999999,0.1368475,0.19671500000000003,0.31702749999999996,0.252485,-101.90007984374849,38.39987920837933,1.576689961129E12,284.02204406,204
0.07689750000000001,0.1084675,0.1628075,0.22614,0.329815,0.36432749999999997,0.2570775,-101.90007984374849,38.500131194087075,1.576689937242E12,281.79691304,205
0.04816000000000001,0.06083749999999999,0.0833875,0.11069499999999999,0.17070000000000002,0.29923500000000003,0.212995,-101.90007984374849,38.60011368520958,1.576689937242E12,281.92679780000003,206
0.08066499999999999,0.10582750000000002,0.15323750000000003,0.21162000000000003,0.32076750000000004,0.39196500000000006,0.29296500000000003,-101.90007984374849,38.70009617633208,1.576689937242E12,283.22906342,207
0.05102000000000001,0.06411,0.08960249999999997,0.12980750000000002,0.2024625,0.2761075,0.1817825,-101.90007984374849,38.800078667454585,1.576689937242E12,282.22074752000003,208
0.0478575,0.05731750000000002,0.07708999999999999,0.12903750000000003,0.2389825,0.2949175,0.18412,-101.90007984374849,38.90006115857708,1.576689937242E12,,209
0.07951000000000003,0.10711999999999999,0.15425499999999998,0.22135500000000002,0.3471675,0.40247000000000005,0.2872725,-101.90007984374849,39.000043649699585,1.576689937242E12,285.25594928,210
0.046262499999999984,0.056630000000000014,0.07246999999999998,0.09832000000000002,0.156785,0.27762000000000003,0.1816175,-101.90007984374849,39.10002614082209,1.577295106274E12,287.53576862,211
0.0385625,0.050167499999999976,0.06595250000000002,0.08858500000000002,0.14922249999999998,0.25881,0.16575,-101.90007984374849,39.20000863194459,1.577295106274E12,287.87073458,212
0.0592975,0.07109500000000002,0.09702749999999999,0.127855,0.20724750000000003,0.294725,0.24638,-101.90007984374849,39.299991123067095,1.577295106274E12,282.89409746,213
0.05968249999999997,0.08261750000000001,0.12053999999999998,0.168665,0.27355,0.3092175,0.187915,-101.90007984374849,39.3999736141896,1.577295106274E12,282.43608278,214
0.0663375,0.08756750000000002,0.12296000000000001,0.16558499999999998,0.23411500000000002,0.25229250000000003,0.15961750000000002,-101.90007984374849,39.4999561053121,1.577295106274E12,278.36522096,215
0.05316500000000002,0.073735,0.10929250000000001,0.15290749999999997,0.25122,0.30765000000000003,0.20724750000000003,-101.90007984374849,39.599938596434605,1.577295082392E12,280.63136822,216
0.060809999999999975,0.079895,0.115755,0.15659250000000002,0.2406875,0.306495,0.204965,-101.90007984374849,39.69992108755711,1.577295082392E12,283.7383484,217
0.06455,0.0784375,0.10646,0.13462000000000002,0.22713,0.3135075,0.266345,-101.90007984374849,39.79990357867961,1.577295082392E12,281.84476531999996,218
0.06416499999999997,0.08655000000000002,0.12342750000000002,0.16674,0.24756250000000002,0.33039250000000003,0.22270250000000003,-101.90007984374849,39.899886069802115,1.577295082392E12,280.46388523999997,219
0.03674749999999999,0.05247750000000001,0.07835500000000001,0.1050025,0.1751275,0.21351750000000003,0.1530725,-101.90007984374849,39.99986856092462,1.577295082392E12,279.87940382,220
0.05998500000000001,0.07802500000000001,0.10865999999999998,0.15002,0.2459675,0.3719725,0.262055,-101.90007984374849,40.100120546632354,1.577295082392E12,280.37501671999996,221
0.08324999999999999,0.140175,0.23164,0.3186775,0.4721275,0.41017,0.2836425,-101.90007984374849,40.20010303775486,1.577295082392E12,262.70385332,222
0.022199999999999998,0.033585000000000004,0.05283500000000002,0.08434999999999998,0.14897500000000002,0.17801499999999998,0.10879749999999999,-101.90007984374849,40.30008552887736,1.577295082392E12,276.53316224,223
0.01593,0.039745,0.07513750000000002,0.10646,0.17686000000000002,0.2154975,0.1421825,-101.90007984374849,40.400068019999864,1.577295082392E12,274.68743144,224
0.03652749999999999,0.055062500000000014,0.08762249999999999,0.12078749999999999,0.1890425,0.2718175,0.1699025,-101.90007984374849,40.50005051112237,1.577295082392E12,281.53714352,225
0.07387250000000001,0.11369249999999997,0.17862,0.24679250000000003,0.3475525,0.31183,0.20144499999999999,-101.90007984374849,40.600033002244864,1.577295082392E12,278.00974687999997,226
0.08734750000000002,0.115975,0.16096500000000002,0.21635,0.31631250000000005,0.3753825,0.2690125,-101.90007984374849,40.70001549336737,1.577295082392E12,280.54933574,227
0.057042499999999996,0.08028000000000002,0.11897249999999998,0.16038750000000002,0.2404675,0.34851499999999996,0.2455,-101.90007984374849,40.79999798448987,1.577295082392E12,280.4912294,228
0.07200250000000002,0.109925,0.1742475,0.250395,0.400105,0.3641625,0.23298750000000001,-101.90007984374849,40.899980475612374,1.577295082392E12,279.68457667999996,229
0.0508825,0.07656750000000001,0.13206250000000003,0.18458750000000002,0.2870525,0.3492025,0.26304500000000003,-101.90007984374849,40.99996296673488,1.577295082392E12,278.79589148,230
0.0867425,0.1296425,0.2005925,0.2868875,0.42543250000000005,0.349285,0.2224,-101.90007984374849,41.09994545785738,1.577295082392E12,277.83200983999996,231
0.03773750000000001,0.058362499999999984,0.09229749999999998,0.1277725,0.22011750000000002,0.278775,0.17174499999999998,-101.90007984374849,41.199927948979884,1.577295082392E12,278.46092552,232
0.05806,0.07346000000000003,0.0962575,0.12848749999999998,0.20177499999999998,0.2888675,0.2052675,-101.90007984374849,41.29991044010239,1.577295058505E12,278.39256512,233
0.04549249999999999,0.06182749999999998,0.09353499999999998,0.127745,0.20018000000000002,0.30718249999999997,0.20446999999999999,-101.90007984374849,41.39989293122489,1.577295058505E12,277.86277201999997,234
0.07175500000000001,0.0921325,0.1331075,0.18271749999999998,0.28224,0.44583750000000005,0.32863250000000005,-101.90007984374849,41.499875422347394,1.577295058505E12,278.77538336,235
0.10885250000000002,0.12972499999999998,0.1706725,0.23213499999999998,0.36383250000000006,0.5890025000000001,0.44385749999999996,-101.90007984374849,41.60012740805513,1.577295058505E12,283.93317554,236
0.029734999999999984,0.054842500000000016,0.09378249999999999,0.12939499999999998,0.1976775,0.240605,0.15873749999999998,-101.90007984374849,41.70010989917763,1.577295058505E12,276.4579658,237
0.41545000000000004,0.42870500000000006,0.44402250000000004,0.4616775,0.4320875,0.06133250000000001,0.042027499999999995,-101.90007984374849,41.80009239030014,1.577295058505E12,273.85001654,238
0.4435275,0.4500175,0.4530975,0.46561,0.43109749999999997,0.052669999999999995,0.037022499999999986,-101.90007984374849,41.90007488142264,1.577295058505E12,271.33777184,239
0.02167749999999999,0.03781999999999999,0.07249749999999999,0.09991499999999998,0.15950750000000002,0.211015,0.1393775,-101.90007984374849,42.00005737254514,1.577295058505E12,277.19967614,240
0.0656775,0.0827,0.13409749999999998,0.17999500000000002,0.2740725,0.356875,0.23953249999999998,-101.90007984374849,42.10003986366765,1.577295058505E12,277.01852108,241
0.1787025,0.1993275,0.23323500000000003,0.276135,0.38671249999999996,0.1975675,0.12502249999999998,-101.90007984374849,42.20002235479015,1.577295058505E12,271.30700966,242
0.06072749999999999,0.08171,0.12824000000000002,0.16467749999999998,0.256005,0.25072500000000003,0.17240499999999997,-101.90007984374849,42.30000484591265,1.577295058505E12,274.85833244,243
0.12747000000000003,0.15596,0.21709250000000002,0.28125,0.4571675,0.39089250000000003,0.2651075,-101.90007984374849,42.39998733703515,1.577295058505E12,272.85879074,244
0.6802475000000001,0.7205075000000001,0.7304900000000001,0.7820800000000001,0.8516000000000001,0.6487875000000001,0.586665,-101.90007984374849,42.49996982815765,1.577295058505E12,264.38893717999997,245
0.45683750000000006,0.43156500000000003,0.37879250000000003,0.39152499999999996,0.414075,0.2697825,0.2205025,-101.90007984374849,42.599952319280156,1.577295058505E12,263.25073652000003,246
0.7298575,0.74061,0.7102225,0.7255400000000001,0.7173175,0.43932,0.36784750000000005,-101.90007984374849,42.69993481040266,1.577295034618E12,262.58422262,247
0.45414250000000006,0.44999000000000006,0.41941,0.4417125,0.4678925,0.2560325,0.23727750000000003,-101.90007984374849,42.79991730152516,1.577295034618E12,261.3674075,248
0.6713925000000001,0.6807425,0.62489,0.6490625000000001,0.6609425,0.323765,0.303965,-101.90007984374849,42.899899792647666,1.577295034618E12,257.93913344,249
0.5739050000000001,0.5765724999999999,0.5384575,0.5473675,0.5531425000000001,0.3269,0.30324999999999996,-101.90007984374849,42.99988228377017,1.577295034618E12,256.93423556,250
0.8865525000000001,0.89934,0.8336975,0.8363925000000001,0.8085625000000001,0.39757499999999996,0.35957,-101.90007984374849,43.100134269477905,1.577295034618E12,253.61533814,251
1.15938,1.1695550000000001,1.117085,1.1136750000000002,1.0491875000000002,0.4387975,0.42697250000000003,-101.90007984374849,43.20011676060041,1.577295034618E12,241.40958872,252
1.0433025,1.0530375,0.9545325,0.9496375000000001,0.8954900000000001,0.2861725,0.3108125,-101.90007984374849,43.30009925172291,1.577295034618E12,226.45916924,253
0.7093975000000001,0.7040075000000001,0.6396850000000001,0.6384750000000001,0.6207374999999999,0.288455,0.265575,-101.90007984374849,43.400081742845416,1.577295034618E12,250.14262982,254
1.092225,1.111585,1.04289,1.0529275,1.01671,0.525285,0.47771,-101.90007984374849,43.50006423396792,1.577295034618E12,244.92331328,255
0.774985,0.777625,0.7099475,0.710415,0.6933100000000001,0.33548000000000006,0.2970625,-101.90007984374849,43.60004672509042,1.577295034618E12,251.92341824,256
0.8214875000000001,0.8048500000000001,0.77163,0.7744625,0.7477875,0.5115624999999999,0.4932475,-101.90007984374849,43.700029216212926,1.577295034618E12,250.28960468,257
0.8356775000000001,0.857485,0.7892300000000001,0.8330375000000001,0.8155475000000001,0.028799999999999992,0.06306499999999998,-101.90007984374849,43.80001170733543,1.576517807642E12,268.26838988,258
0.3960075,0.42301249999999996,0.43294000000000005,0.52721,0.6184825,0.10670750000000001,0.09669749999999999,-101.90007984374849,43.89999419845793,1.576517807642E12,268.69564238,259
0.8367500000000001,0.8896875000000002,0.8966450000000001,0.9791725,1.0154450000000002,0.2810025,0.2616975,-101.90007984374849,43.999976689580436,1.576517783759E12,258.65349962,260
0.1759525,0.17994,0.16586,0.22842250000000003,0.29555,0.08390999999999998,0.08492749999999999,-101.90007984374849,44.09995918070293,1.576517783759E12,268.44954494,261
-0.08197,0.01901,0.18456,0.25276,0.38030500000000006,0.2914525,0.20760499999999998,-101.90007984374849,44.199941671825435,1.576517783759E12,272.52040676,262
0.5256425,0.5756375,0.5250925,0.615815,0.680385,0.16047,0.13208999999999999,-101.90007984374849,44.29992416294794,1.576517783759E12,266.09794718,263
0.47383250000000005,0.4285125,0.35055,0.31282000000000004,0.24627,-0.010855000000000004,0.027645000000000003,-101.90007984374849,44.39990665407044,1.576517783759E12,269.94321967999997,264
0.8876250000000001,0.9152625000000001,0.86975,0.899615,0.8383450000000001,0.10497499999999998,0.109595,-101.90007984374849,44.499889145192945,1.576517783759E12,267.27716408,265
0.6891575000000001,0.66042,0.7124225,0.698205,0.6460375,0.13024750000000002,0.127745,-101.90007984374849,44.59987163631545,1.576517783759E12,267.23272982000003,266
1.29567,1.3525675000000001,1.3647775000000002,1.4222525000000001,1.38334,0.140725,0.16151500000000002,-101.90007984374849,44.700123622023185,1.576517783759E12,262.40306756,267
0.8457700000000001,0.864635,0.8410675000000001,0.8697225000000002,0.8408475000000002,0.198365,0.201115,-101.90007984374849,44.80010611314569,1.576517783759E12,259.50800462,268
0.9468325000000002,0.9505725,0.8934825000000002,0.8973875,0.811615,0.17419250000000003,0.1977875,-101.90007984374849,44.90008860426819,1.576517783759E12,258.26726336,269
0.898185,0.8866625000000001,0.8082325000000001,0.8104875,0.751115,0.28059,0.28048,-101.90007984374849,45.000071095390695,1.576517783759E12,253.70420666,270
0.9609400000000001,0.96479,0.9102025,0.919195,0.8323500000000001,0.19028,0.21115250000000002,-101.90007984374849,45.1000535865132,1.576517783759E12,255.95326382000002,271
0.91496,0.9161975,0.8583375,0.8676050000000002,0.8102125,0.2737975,0.2670325,-101.90007984374849,45.2000360776357,1.576517783759E12,250.12212169999998,272
1.0069750000000002,1.00285,0.92662,0.9238975,0.8311125000000001,0.21813749999999998,0.22671750000000002,-101.90007984374849,45.300018568758205,1.576517783759E12,252.33358063999998,273
0.05830750000000001,0.07544000000000001,0.10742249999999998,0.13508750000000003,0.248305,0.15659250000000002,0.0929025,-101.90007984374849,45.40000105988071,1.573752963438E12,277.97898469999996,274
0.026242500000000002,0.04670250000000001,0.07849250000000002,0.11163000000000001,0.2570225,0.21329750000000003,0.11539749999999999,-101.90007984374849,45.49998355100321,1.573752963438E12,280.20753374000003,275
0.16184500000000002,0.1784,0.22086,0.24736999999999998,0.29874,0.11611250000000001,0.07315749999999999,-101.90007984374849,45.599966042125715,1.573752963438E12,276.5092361,276
-0.04206750000000001,-0.013550000000000006,0.04648250000000001,0.08206750000000002,0.21439750000000002,0.164705,0.0924625,-101.90007984374849,45.69994853324822,1.573752963438E12,278.00632886,277
0.5555350000000001,0.5454425,0.512745,-0.14882250000000002,0.08894249999999998,0.09639500000000001,0.07533000000000001,-101.90007984374849,45.799931024370714,1.573752963438E12,275.86323032,278
0.36413500000000004,0.37730749999999996,0.3915525,0.4230675,0.4473225,0.049205,0.033172499999999994,-101.90007984374849,45.89991351549322,1.573752963438E12,274.14396626,279
0.08842,0.11270249999999998,0.14273249999999998,0.17443999999999998,0.3179625,0.15997499999999998,0.09491,-101.90007984374849,45.99989600661572,1.573752963438E12,276.33149906,280
0.07678750000000001,0.10695500000000002,0.16937999999999998,0.20177499999999998,0.34879,0.14705000000000001,0.084955,-101.90007984374849,46.099878497738224,1.573752963438E12,276.19819628,281
0.01092499999999999,0.0386725,0.10161999999999999,0.1383875,0.305285,0.1778225,0.10783500000000001,-101.90007984374849,46.20013048344597,1.573752963438E12,276.52290818,282
0.067575,0.08762249999999999,0.12733250000000002,0.15884749999999997,0.27751,0.17562250000000001,0.1058,-101.90007984374849,46.30011297456847,1.573752963438E12,276.21528638,283
0.027837499999999987,0.045162499999999994,0.091665,0.12026500000000001,0.2336475,0.23881750000000002,0.15582249999999997,-101.90007984374849,46.40009546569097,1.573752963438E12,278.31736867999996,284
0.0930125,0.11649749999999998,0.16679500000000003,0.23400500000000002,0.3784625,0.1504875,0.09812749999999998,-101.90007984374849,46.50007795681347,1.573752963438E12,275.88715646,285
0.06435750000000001,0.08028000000000002,0.11047499999999999,0.14023000000000002,0.2081,0.16544750000000003,0.10887999999999998,-101.90007984374849,46.600060447935974,1.573752963438E12,277.4321015,286
0.10068500000000002,0.1271675,0.18428499999999998,0.2121425,0.38569499999999995,0.170755,0.09766000000000002,-101.90007984374849,46.70004293905848,1.573752963438E12,276.3041549,287
0.1549975,0.17892249999999998,0.212995,0.243355,0.38003000000000003,0.13857999999999998,0.08096750000000003,-101.90007984374849,46.80002543018098,1.573752963438E12,276.70748126,288
0.979365,0.9962775000000001,0.9363000000000001,0.9397375000000001,0.8409025000000001,0.0381775,0.08297500000000002,-101.90007984374849,46.900007921303484,1.573752963438E12,264.7341572,289
1.1705725,1.192765,1.1371600000000002,1.1539075,1.0650000000000002,0.061524999999999996,0.10236250000000002,-101.90007984374849,46.99999041242599,1.573752963438E12,263.59253852,290
1.1947725,1.224005,1.1819300000000001,1.20052,1.106635,0.06842749999999997,0.0931225,-101.90007984374849,47.09997290354849,1.576517735994E12,264.699977,291
0.9878075000000002,0.9826375,0.9450725,0.9471350000000001,0.8831975000000001,0.06045250000000002,0.07829999999999998,-101.90007984374849,47.199955394670994,1.576517735994E12,264.5974364,292
0.9674575000000001,0.9581900000000001,0.9603625,0.9605000000000001,0.8693925,0.06389,0.08611000000000002,-101.90007984374849,47.2999378857935,1.576517735994E12,262.56029648,293
0.08445999999999998,-0.014924999999999994,-0.10685750000000001,-0.11453,0.054869999999999974,0.042385000000000006,0.05926999999999999,-101.90007984374849,47.399920376916,1.577122905157E12,265.8621038,294
0.46032999999999996,0.464235,0.43261,0.4490825,0.4501825,0.26871,0.27696,-101.90007984374849,47.499902868038504,1.577122905157E12,253.27011812,295
0.76569,0.7480074999999999,0.686985,0.687535,0.6279699999999999,0.1918475,0.19916250000000002,-101.90007984374849,47.599885359161,1.577122905157E12,253.31455238,296
0.6265125,0.5983799999999999,0.5380450000000001,0.5403549999999999,0.48081750000000006,0.053659999999999985,0.08858500000000002,-101.90007984374849,47.6998678502835,1.577122905157E12,250.64507876,297
0.9242825000000001,0.9176825000000002,0.8427725000000001,0.8404075,0.749355,0.19179249999999998,0.19677,-101.90007984374849,47.80011983599125,1.577122905157E12,246.20165276,298
0.59101,0.5763525,0.5022125,0.5182175,0.4957225,0.15574,0.1718825,-101.90007984374849,47.90010232711375,1.577122905157E12,257.19400508,299
0.56593,0.542665,0.48301750000000004,0.49971000000000004,0.4420975,-0.0020275000000000154,0.04381499999999999,-101.90007984374849,48.00008481823625,1.577122905157E12,260.47530428,300
0.5571025000000001,0.5545724999999999,0.51203,0.5304,0.48838,-0.004777500000000018,0.035509999999999986,-101.90007984374849,48.10006730935875,1.577122905157E12,263.92750448,301
0.562575,0.5815224999999999,0.5571575,0.5822100000000001,0.5917525000000001,0.264915,0.2679125,-101.90007984374849,48.20004980048125,1.575740484235E12,229.48069892,302
0.6171900000000001,0.6304449999999999,0.62687,0.6416925,0.6326725,0.2576275,0.2569675,-101.90007984374849,48.300032291603756,1.575740484235E12,240.78067304,303
0.5904324999999999,0.6254675000000001,0.588425,0.61862,0.619445,0.20881500000000003,0.2180825,-101.90007984374849,48.40001478272626,1.575740484235E12,244.69772396,304
0.3287975,0.34903750000000006,0.34876250000000003,0.39719,0.448725,0.1910775,0.1927275,-101.90007984374849,48.49999727384876,1.575740484235E12,247.85939245999998,305
0.5521525,0.5627949999999999,0.5528124999999999,0.58826,0.6004425,0.2813325,0.2696725,-101.90007984374849,48.599979764971266,1.575740484235E12,244.14742274,306
0.414515,0.44154750000000004,0.43527750000000004,0.47991,0.5254225000000001,0.23967,0.23304249999999999,-101.90007984374849,48.69996225609377,1.575740484235E12,241.28654,307
0.9246675,0.9427075,0.8978550000000001,0.91815,0.8731325000000001,0.36661000000000005,0.35354749999999996,-101.90007984374849,48.79994474721627,1.575740484235E12,234.44366395999998,308
0.8857275,0.9005500000000002,0.8456050000000002,0.86216,0.8163450000000001,0.28026,0.2876575,-101.90007984374849,48.899927238338776,1.575740484235E12,229.44651872,309
0.5471142209598506,0.5628026196099943,0.5598426831149625,0.5832233556441457,0.5925855267020815,0.168368018347899,0.16019847177499108,-101.90007984374849,48.99990972946129,1.575740484235E12,258.9168943144019,310
,,,,,,,,,1.575740484235E12,,311
,,,,,,,,,1.575740484235E12,,312
,,,,,,,,,1.575740484235E12,,313
,,,,,,,,,1.575740484235E12,,314
,,,,,,,,,1.575740484235E12,,315
,,,,,,,,,1.575740484235E12,,316
,,,,,,,,,1.575740484235E12,,317
,,,,,,,,,1.574358060528E12,,318
,,,,,,,,,1.574358060528E12,,319
,,,,,,,,,1.575479836504E12,,320
,,,,,,,,,1.575479836504E12,,321
,,,,,,,,,1.575479836504E12,,322
,,,,,,,,,1.575479836504E12,,323
,,,,,,,,,1.575479836504E12,,324
,,,,,,,,,1.575479836504E12,,325
,,,,,,,,,1.575479836504E12,,326
,,,,,,,,,1.575479836504E12,,327
,,,,,,,,,1.575479836504E12,,328
,,,,,,,,,1.575479836504E12,,329
,,,,,,,,,1.575479836504E12,,330
,,,,,,,,,1.575479836504E12,,331
,,,,,,,,,1.575479836504E12,,332
,,,,,,,,,1.575479836504E12,,333
,,,,,,,,,1.575479836504E12,,334
,,,,,,,,,1.575479836504E12,,335
,,,,,,,,,1.575479812613E12,,336
,,,,,,,,,1.575479812613E12,,337
,,,,,,,,,1.575479812613E12,,338
,,,,,,,,,1.575479812613E12,,339
,,,,,,,,,1.575479812613E12,,340
,,,,,,,,,1.575479812613E12,,341
,,,,,,,,,1.575479812613E12,,342
,,,,,,,,,1.575479812613E12,,343
,,,,,,,,,1.575479812613E12,,344
,,,,,,,,,1.575479812613E12,,345
,,,,,,,,,1.575479812613E12,,346
,,,,,,,,,1.575479812613E12,,347
,,,,,,,,,1.575479812613E12,,348
,,,,,,,,,1.575479788718E12,,349
,,,,,,,,,1.575479788718E12,,350
,,,,,,,,,1.575479788718E12,,351
,,,,,,,,,1.575479788718E12,,352
,,,,,,,,,1.575479788718E12,,353
,,,,,,,,,1.575479788718E12,,354
,,,,,,,,,1.575479788718E12,,355
,,,,,,,,,1.575479788718E12,,356
,,,,,,,,,1.575479788718E12,,357
,,,,,,,,,1.575479788718E12,,358
,,,,,,,,,1.575479788718E12,,359
,,,,,,,,,1.575479788718E12,,360
,,,,,,,,,1.575479788718E12,,361
,,,,,,,,,1.575479788718E12,,362
,,,,,,,,,1.575479788718E12,,363
,,,,,,,,,1.575479788718E12,,364
,,,,,,,,,1.575479788718E12,,365
,,,,,,,,,1.577467331278E12,,366
,,,,,,,,,1.577467331278E12,,367
,,,,,,,,,1.577467331278E12,,368
,,,,,,,,,1.577467331278E12,,369
,,,,,,,,,1.577467331278E12,,370
,,,,,,,,,1.577467331278E12,,371
,,,,,,,,,1.577467331278E12,,372
,,,,,,,,,1.577467331278E12,,373
,,,,,,,,,1.577467331278E12,,374
,,,,,,,,,1.577467331278E12,,375
,,,,,,,,,1.577467331278E12,,376
,,,,,,,,,1.577467307387E12,,377
0.26417250000000003,0.2597725,0.28191,0.31117,0.39620000000000005,0.31463500000000005,0.2670325,-101.80009735262598,29.80003749891792,1.577467307387E12,247.27832906,378
0.667405,0.6589625000000001,0.6304449999999999,0.6339375,0.6542049999999999,0.41624750000000005,0.3684525,-101.80009735262598,29.900019990040423,1.577467307387E12,222.56604446,379
0.47573000000000004,0.46154,0.44671750000000005,0.45505,0.49239499999999997,0.31634,0.2731925,-101.80009735262598,30.000002481162923,1.577467307387E12,245.23777112,380
0.8741225000000001,0.8632875,0.8052350000000001,0.7920075,0.7692375,0.3928175,0.31084000000000006,-101.80009735262598,30.099984972285426,1.577467307387E12,241.2523598,381
1.0360425000000002,1.02452,0.9551375000000002,0.9416625000000001,0.9062975,0.41173750000000003,0.35352,-101.80009735262598,30.19996746340793,1.577467307387E12,210.69184298,382
1.0431650000000001,1.0333750000000002,0.9567325,0.9427350000000001,0.9054725000000001,0.373265,0.3283575,-101.80009735262598,30.299949954530433,1.577467307387E12,209.76555955999999,383
1.070445,1.0608475000000002,0.9868175000000001,0.9735075000000002,0.9322025,0.3847875,0.33495749999999996,-101.80009735262598,30.399932445652937,1.577467307387E12,213.64501226,384
1.0293875000000001,1.0186350000000002,0.948455,0.9354200000000001,0.8965350000000001,0.3944675,0.33393999999999996,-101.80009735262598,30.49991493677544,1.577467307387E12,232.68338366,385
1.0369225000000002,1.02397,0.9492525,0.932725,0.8902925000000002,0.37816,0.33825750000000004,-101.80009735262598,30.59989742789794,1.577467307387E12,211.41646322,386
0.913035,0.8999725000000001,0.8215975,0.8095800000000002,0.7809250000000001,0.35481250000000003,0.2941475,-101.80009735262598,30.699879919020443,1.577467307387E12,226.92401996,387
0.8586400000000001,0.8536900000000001,0.7874425,0.7830975,0.7721525,0.40634750000000003,0.337625,-101.80009735262598,30.800131904728183,1.577467307387E12,233.425094,388
0.7004874999999999,0.6878375000000001,0.66317,0.655745,0.65866,0.36325500000000005,0.3269825,-101.80009735262598,30.900114395850686,1.577467307387E12,225.1534856,389
0.9527450000000002,0.9437800000000001,0.8940325,0.883335,0.8546525,0.4284575,0.39386250000000006,-101.80009735262598,31.00009688697319,1.577467307387E12,216.58450946,390
0.9546425000000001,0.9444675,0.8800350000000001,0.8662025,0.8218175000000001,0.35286,0.30907999999999997,-101.80009735262598,31.10007937809569,1.567790505783E12,225.49528759999998,391
0.661135,0.63941,0.5846024999999999,0.575005,0.56098,0.263815,0.1960825,-101.80009735262598,31.200061869218192,1.567790505783E12,264.26930648,392
0.8468150000000001,0.8275925000000002,0.7788625,0.7653050000000001,0.7388224999999999,0.3951275,0.31900750000000005,-101.80009735262598,31.300044360340696,1.567790505783E12,249.59916464,393
0.06947249999999999,0.057867500000000016,0.11856,0.17103000000000002,0.262495,0.2126925,0.17686000000000002,-101.80009735262598,31.4000268514632,1.577467283492E12,275.17279028,394
0.9469150000000002,0.94004,0.9011,0.898625,0.88141,0.5217375,0.44889000000000007,-101.80009735262598,31.500009342585702,1.577467283492E12,246.31786544,395
0.9134475000000002,0.8959575000000002,0.8417825000000001,0.828335,0.7983325000000001,0.408685,0.362265,-101.80009735262598,31.599991833708206,1.577467283492E12,230.27026153999998,396
0.8447800000000001,0.8335325,0.777515,0.77163,0.7472924999999999,0.40953750000000005,0.35935,-101.80009735262598,31.699974324830706,1.577467283492E12,229.98656588,397
0.5724475,0.5641974999999999,0.5603475,0.567305,0.5722275000000001,0.38913250000000005,0.32868749999999997,-101.80009735262598,31.79995681595321,1.577467283492E12,261.91087268,398
0.8739300000000001,0.858365,0.8103500000000001,0.7994325,0.7644250000000001,0.39367,0.29203,-101.80009735262598,31.899939307075712,1.577467283492E12,267.44122904,399
1.2040125000000002,1.221805,1.192765,1.2084125000000001,1.193205,0.7443500000000001,0.5423074999999999,-101.80009735262598,31.999921798198216,1.577467283492E12,274.19523656,400
1.3200900000000002,1.3428600000000002,1.3202550000000002,1.3333725,1.3184675000000001,0.8266575,0.5881225000000001,-101.80009735262598,32.09990428932072,1.577467283492E12,274.31144924,401
0.8367500000000001,0.79253,0.7276024999999999,0.7123125000000001,0.6733175,0.269865,0.205625,-101.80009735262598,32.19988678044322,1.577467283492E12,273.9457211,402
0.9820600000000002,0.95225,0.864525,0.8388125000000002,0.7790275,0.3586075,0.23111750000000003,-101.80009735262598,32.299869271565726,1.577467283492E12,274.35930152000003,403
1.2674825,1.27499,1.2242525000000002,1.2249400000000001,1.1820950000000001,0.6396850000000001,0.43387500000000007,-101.80009735262598,32.40012125727346,1.577467283492E12,265.90995608000003,404
1.1717275,1.167685,1.1076525000000002,1.1008325,1.0513325,0.59222,0.42463500000000004,-101.80009735262598,32.500103748395965,1.577467283492E12,268.51106930000003,405
0.8384,0.8359525000000001,0.7769650000000001,0.7833175000000001,0.7695400000000001,0.5049075000000001,0.34378500000000006,-101.80009735262598,32.60008623951847,1.577467283492E12,274.53020252,406
0.8456325,0.84192,0.78758,0.7946475,0.7818875000000001,0.5090325,0.34925750000000005,-101.80009735262598,32.70006873064097,1.576084863256E12,273.47403434,407
0.8311675000000001,0.8226425000000002,0.7681374999999999,0.7668725000000001,0.754745,0.5010300000000001,0.36391500000000004,-101.80009735262598,32.800051221763475,1.576084863256E12,265.46561348,408
0.9087725,0.9119900000000001,0.8597125000000001,0.8638100000000002,0.8526175,0.5673600000000001,0.42752249999999997,-101.80009735262598,32.90003371288598,1.576084863256E12,266.39531492,409
0.734065,0.7368425000000001,0.7093425,0.7260900000000001,0.7282075000000001,0.55185,0.4513375,-101.80009735262598,33.00001620400848,1.576084863256E12,270.03550622,410
0.5116175000000001,0.508345,0.48810500000000007,0.505045,0.5348824999999999,0.4305475,0.34851499999999996,-101.80009735262598,33.099998695130985,1.576084863256E12,272.39394002,411
0.6303350000000001,0.628465,0.597775,0.618125,0.6363300000000001,0.5058149999999999,0.42095,-101.80009735262598,33.19998118625348,1.576084863256E12,272.4076121,412
0.7063174999999999,0.7199025000000001,0.7004600000000001,0.72774,0.7493274999999999,0.5962624999999999,0.49577750000000004,-101.80009735262598,33.299963677375985,1.576084863256E12,270.21324326,413
0.5593300000000001,0.5670299999999999,0.5539400000000001,0.5854275,0.62896,0.5071625,0.4479275,-101.80009735262598,33.39994616849849,1.576084863256E12,266.12187331999996,414
0.29225,0.30575250000000004,0.327725,0.38399,0.457085,0.36848,0.319915,-101.80009735262598,33.49992865962099,1.576084863256E12,267.82062926000003,415
0.03006500000000001,0.0628725,0.12425249999999999,0.1638525,0.281305,0.2726975,0.21643250000000003,-101.80009735262598,33.599911150743495,1.576084863256E12,277.53806011999995,416
0.034684999999999994,0.05118499999999998,0.08734750000000002,0.12516,0.19077500000000003,0.24131999999999998,0.21450750000000002,-101.80009735262598,33.699893641866,1.576084863256E12,286.53087073999995,417
0.040295,0.07428499999999999,0.15557500000000002,0.2205025,0.30083,0.33498500000000003,0.2962925,-101.80009735262598,33.7998761329885,1.576084863256E12,278.34813085999997,418
0.7144575,0.7281249999999999,0.6998,0.7222124999999999,0.7433050000000001,0.5698075,0.484805,-101.80009735262598,33.90012811869624,1.576084863256E12,271.43689442,419
0.492945,0.49866499999999997,0.47740750000000004,0.5103525,0.5579000000000001,0.428595,0.3690575,-101.80009735262598,34.00011060981874,1.576084863256E12,266.66192048,420
0.44556250000000003,0.45485749999999997,0.44993500000000003,0.48557500000000003,0.5537475000000001,0.44094249999999996,0.3917175,-101.80009735262598,34.100093100941244,1.568395607805E12,267.93342392,421
0.515825,0.5254775,0.51786,0.5466249999999999,0.5973900000000001,0.45807500000000007,0.39435749999999997,-101.80009735262598,34.20007559206375,1.568395607805E12,265.43826932,422
0.58144,0.5951900000000001,0.5837775000000001,0.617135,0.6509324999999999,0.46704000000000007,0.4092075,-101.80009735262598,34.30005808318625,1.568395607805E12,262.26634676,423
0.15862749999999998,0.1866775,0.2493225,0.3242325,0.45320750000000004,0.3722475,0.2989875,-101.80009735262598,34.400040574308754,1.576690008907E12,266.46025729999997,424
0.219045,0.247535,0.2951925,0.37120250000000005,0.5154400000000001,0.35968000000000006,0.3038,-101.80009735262598,34.50002306543126,1.576690008907E12,257.85368294,425
0.393175,0.405275,0.42207750000000005,0.4587625,0.5794600000000001,0.31238000000000005,0.2896925,-101.80009735262598,34.60000555655376,1.576690008907E12,242.09319272,426
0.06427499999999997,0.08157249999999999,0.12318000000000001,0.1776025,0.2804525,0.3648225,0.300665,-101.80009735262598,34.699988047676264,1.576690008907E12,285.00643382,427
0.0632025,0.0770075,0.11223499999999997,0.1556575,0.27894,0.35341000000000006,0.292195,-101.80009735262598,34.79997053879877,1.576690008907E12,286.13438041999996,428
0.06831749999999998,0.08377249999999997,0.1300825,0.1888225,0.285375,0.37593250000000006,0.34670000000000006,-101.80009735262598,34.899953029921264,1.576690008907E12,285.29012948,429
0.04961750000000001,0.06369750000000002,0.0900975,0.11404999999999998,0.2345275,0.30660499999999996,0.21428750000000002,-101.80009735262598,34.99993552104377,1.576690008907E12,285.48837463999996,430
0.038947499999999996,0.0476925,0.06785000000000002,0.09477249999999998,0.14804,0.23098000000000002,0.2157175,-101.80009735262598,35.09991801216627,1.576690008907E12,286.85900066,431
0.08531250000000001,0.11556250000000001,0.16135,0.176585,0.19380000000000003,0.27355,0.25061500000000003,-101.80009735262598,35.199900503288774,1.576690008907E12,283.67682404,432
0.046619999999999995,0.05979249999999997,0.07651249999999998,0.10585499999999998,0.18478,0.2657675,0.1807375,-101.80009735262598,35.29988299441128,1.576690008907E12,285.51913681999997,433
0.051927500000000015,0.06614500000000001,0.09353499999999998,0.1366,0.21569,0.2771525,0.19649500000000003,-101.80009735262598,35.39986548553378,1.576690008907E12,282.94536776,434
0.01562749999999999,0.01999999999999999,0.0296525,0.039635000000000004,0.06468750000000001,0.09427750000000001,0.06317499999999998,-101.80009735262598,35.500117471241516,1.57668998502E12,280.17335354,435
0.04915,0.06336750000000002,0.0930125,0.12879000000000002,0.19688,0.290215,0.21329750000000003,-101.80009735262598,35.60009996236402,1.57668998502E12,283.71784028,436
0.04340250000000001,0.05591499999999999,0.0804725,0.10797250000000003,0.1790875,0.24959750000000003,0.17345,-101.80009735262598,35.70008245348652,1.57668998502E12,284.39460824,437
0.05575000000000002,0.06625500000000001,0.0927925,0.1234825,0.194515,0.31031749999999997,0.24107250000000002,-101.80009735262598,35.800064944609026,1.57668998502E12,286.19590478,438
0.05904999999999999,0.0717275,0.10514000000000001,0.13263999999999998,0.2604875,0.3106475,0.2564725,-101.80009735262598,35.90004743573153,1.57668998502E12,285.549899,439
0.06966499999999998,0.09669749999999999,0.14504250000000002,0.20958500000000002,0.3245075,0.36039499999999997,0.246655,-101.80009735262598,36.00002992685403,1.57668998502E12,285.59433326,440
0.08217750000000001,0.10558000000000001,0.156565,0.2137925,0.310675,0.362925,0.2893625,-101.80009735262598,36.10001241797654,1.57668998502E12,285.57382514,441
0.048077499999999995,0.06213000000000002,0.0840475,0.11047499999999999,0.17432999999999998,0.2860075,0.20512999999999998,-101.80009735262598,36.19999490909904,1.57668998502E12,284.17927298,442
0.051927500000000015,0.06166250000000001,0.08187499999999998,0.11611250000000001,0.2055975,0.3126275,0.24770000000000003,-101.80009735262598,36.29997740022154,1.57668998502E12,287.1392783,443
0.06614500000000001,0.08605499999999999,0.12436249999999999,0.1732575,0.278335,0.36652750000000006,0.2630725,-101.80009735262598,36.39995989134405,1.57668998502E12,285.49179266,444
0.04205500000000001,0.048600000000000004,0.06279000000000001,0.0836075,0.13272250000000002,0.23403249999999998,0.169325,-101.80009735262598,36.49994238246655,1.57668998502E12,285.55673504000004,445
0.050002500000000005,0.06155250000000001,0.08556000000000002,0.11053000000000002,0.17345,0.27454,0.2203925,-101.80009735262598,36.599924873589046,1.57668998502E12,285.20126096,446
0.06749250000000001,0.08030749999999998,0.1058,0.13618750000000002,0.19715500000000002,0.3175775,0.25221,-101.80009735262598,36.69990736471155,1.57668998502E12,287.15295038,447
0.06061749999999999,0.07062750000000001,0.09361750000000002,0.140065,0.24390499999999998,0.3365525,0.224765,-101.80009735262598,36.79988985583405,1.57668998502E12,285.16366274,448
0.06798749999999998,0.08677000000000001,0.1197975,0.16401749999999998,0.2459675,0.37461249999999996,0.2857325,-101.80009735262598,36.899872346956556,1.576689961129E12,286.22666696,449
0.07392749999999998,0.0923525,0.145235,0.204965,0.29555,0.389765,0.35624249999999996,-101.80009735262598,37.0001243326643,1.576689961129E12,283.62555374,450
0.0476375,0.06292750000000003,0.09232499999999999,0.12480249999999998,0.20612000000000003,0.3090525,0.2230875,-101.80009735262598,37.1001068237868,1.576689961129E12,284.17585496000004,451
0.058335000000000026,0.06958249999999999,0.09900750000000003,0.13272250000000002,0.19415749999999998,0.2903525,0.25812250000000003,-101.80009735262598,37.2000893149093,1.576689961129E12,283.5161771,452
0.04585,0.058609999999999995,0.0813525,0.1229325,0.20634000000000002,0.2684075,0.1799675,-101.80009735262598,37.3000718060318,1.576689961129E12,282.58305764,453
0.025279999999999997,0.03622500000000001,0.053137500000000004,0.08041749999999998,0.14254,0.175155,0.103875,-101.80009735262598,37.400054297154306,1.576689961129E12,281.72855264,454
0.0414775,0.054925,0.07761249999999997,0.10530499999999998,0.17127750000000003,0.265245,0.17842750000000002,-101.80009735262598,37.50003678827681,1.576689961129E12,282.62065586,455
0.034684999999999994,0.0506625,0.073075,0.10486499999999999,0.17496250000000002,0.24423499999999998,0.15681250000000002,-101.80009735262598,37.60001927939931,1.576689961129E12,279.97510838,456
0.030972499999999986,0.04211000000000001,0.061992500000000006,0.09119749999999999,0.16019499999999998,0.2319425,0.13629750000000002,-101.80009735262598,37.700001770521816,1.576689961129E12,281.1577433,457
0.05863750000000001,0.07560499999999998,0.10827500000000001,0.14826,0.22943999999999998,0.31851250000000003,0.2268825,-101.80009735262598,37.79998426164432,1.576689961129E12,284.98250768,458
0.07018750000000001,0.08217750000000001,0.11625000000000002,0.14718750000000003,0.2659875,0.329595,0.28389000000000003,-101.80009735262598,37.89996675276682,1.576689961129E12,283.30084184,459
0.05467749999999999,0.0683725,0.09375499999999998,0.12928499999999998,0.2011425,0.2994825,0.19660500000000003,-101.80009735262598,37.999949243889326,1.576689961129E12,282.21391148,460
0.062267499999999976,0.07511000000000001,0.09911750000000003,0.1446575,0.23089749999999998,0.31383750000000005,0.20658749999999998,-101.80009735262598,38.09993173501183,1.576689961129E12,282.68901626,461
0.06196499999999999,0.073845,0.10200500000000001,0.13407000000000002,0.1905,0.2865575,0.2657125,-101.80009735262598,38.19991422613433,1.576689961129E12,285.74814416000004,462
0.04133999999999999,0.05442999999999998,0.0754125,0.10307749999999999,0.16220250000000003,0.2528975,0.1739175,-101.80009735262598,38.299896717256836,1.576689961129E12,281.88578156,463
0.048765,0.06468750000000001,0.08825499999999997,0.1192475,0.19236999999999999,0.295165,0.193855,-101.80009735262598,38.39987920837933,1.576689961129E12,282.36088634,464
0.07224999999999998,0.091445,0.12969750000000002,0.1703425,0.26315500000000003,0.3567375,0.32404000000000005,-101.80009735262598,38.500131194087075,1.576689937242E12,284.0972405,465
0.06446750000000001,0.08476250000000002,0.11528749999999999,0.1516425,0.22732249999999998,0.36083499999999996,0.2629075,-101.80009735262598,38.60011368520958,1.576689937242E12,283.30084184,466
0.08531250000000001,0.11141000000000001,0.15961750000000002,0.20881500000000003,0.2939,0.3841275,0.32324250000000004,-101.80009735262598,38.70009617633208,1.576689937242E12,283.00005608000004,467
0.05206499999999997,0.0660075,0.09070250000000002,0.14262249999999999,0.23961500000000002,0.32316000000000006,0.19987749999999999,-101.80009735262598,38.800078667454585,1.576689937242E12,284.4561326,468
0.10860500000000001,0.13473000000000002,0.19088500000000003,0.249405,0.33721249999999997,0.42914500000000005,0.36696750000000006,-101.80009735262598,38.90006115857708,1.576689937242E12,284.0801504,469
0.04532749999999999,0.05712499999999998,0.07513750000000002,0.1265075,0.2336475,0.30421250000000005,0.18021500000000001,-101.80009735262598,39.000043649699585,1.576689937242E12,284.92098332,470
0.048490000000000005,0.06743749999999998,0.10002499999999998,0.15178000000000003,0.27289,0.31114250000000004,0.17083749999999998,-101.80009735262598,39.10002614082209,1.577295106274E12,286.59923114000003,471
0.06468750000000001,0.0804725,0.10923749999999999,0.16063500000000003,0.3027825,0.3694975,0.228615,-101.80009735262598,39.20000863194459,1.577295106274E12,,472
0.06529249999999998,0.08597250000000001,0.12183250000000001,0.19080249999999999,0.30407500000000004,0.37351249999999997,0.24869000000000002,-101.80009735262598,39.299991123067095,1.577295106274E12,285.81308654,473
0.06182749999999998,0.07566,0.1042325,0.135005,0.24005500000000002,0.31556999999999996,0.26898500000000003,-101.80009735262598,39.3999736141896,1.577295106274E12,285.61484138000003,474
0.07436749999999998,0.10428749999999998,0.15483249999999998,0.21329750000000003,0.31238000000000005,0.38082750000000004,0.2894175,-101.80009735262598,39.4999561053121,1.577295106274E12,286.15488854,475
0.0144175,0.028167499999999984,0.052037500000000014,0.08259,0.15582249999999997,0.1870075,0.10126249999999998,-101.80009735262598,39.599938596434605,1.577295082392E12,280.00587056,476
0.049479999999999996,0.07368000000000002,0.11306,0.162175,0.24385,0.2747325,0.17554000000000003,-101.80009735262598,39.69992108755711,1.577295082392E12,280.22120582,477
0.0682625,0.0980725,0.140835,0.18497249999999998,0.25815,0.32019000000000003,0.2326025,-101.80009735262598,39.79990357867961,1.577295082392E12,271.60095938,478
0.01551749999999999,0.031,0.0536875,0.07750249999999997,0.12276749999999997,0.14575749999999998,0.10046500000000003,-101.80009735262598,39.899886069802115,1.577295082392E12,278.2182461,479
0.055530000000000024,0.07524750000000002,0.11344500000000002,0.14276,0.20848499999999998,0.27894,0.21354499999999998,-101.80009735262598,39.99986856092462,1.577295082392E12,275.81196002,480
0.05635499999999999,0.07915250000000001,0.11308750000000001,0.15453,0.2371125,0.36674750000000006,0.2709925,-101.80009735262598,40.100120546632354,1.577295082392E12,279.33935666,481
0.07312999999999997,0.12815749999999998,0.2062025,0.2994275,0.46456500000000006,0.46517000000000003,0.32453499999999996,-101.80009735262598,40.20010303775486,1.577295082392E12,274.53703856,482
0.07665,0.10709249999999998,0.19787,0.23601250000000001,0.3065775,0.34722250000000004,0.26387,-101.80009735262598,40.30008552887736,1.577295082392E12,273.68936959999996,483
0.032649999999999985,0.06743749999999998,0.114765,0.1589025,0.2332075,0.213105,0.15628999999999998,-101.80009735262598,40.400068019999864,1.577295082392E12,271.85389286,484
0.02833250000000001,0.04733499999999999,0.0742025,0.1013175,0.14889249999999998,0.163605,0.11270249999999998,-101.80009735262598,40.50005051112237,1.577295082392E12,277.04586524,485
0.06047999999999998,0.07887749999999999,0.115315,0.15736250000000002,0.24412499999999998,0.32665249999999996,0.2513025,-101.80009735262598,40.600033002244864,1.577295082392E12,278.51219582,486
0.045107499999999995,0.05539250000000001,0.08297500000000002,0.13005499999999998,0.228835,0.28859250000000003,0.1864575,-101.80009735262598,40.70001549336737,1.577295082392E12,277.91404232,487
0.06196499999999999,0.0709575,0.09416750000000002,0.1193575,0.2147,0.31034500000000004,0.2642,-101.80009735262598,40.79999798448987,1.577295082392E12,281.83792928,488
0.0628725,0.09735749999999999,0.14900249999999998,0.2125825,0.3296775,0.364905,0.242915,-101.80009735262598,40.899980475612374,1.577295082392E12,280.09132106,489
0.0505525,0.08011499999999999,0.12837749999999998,0.1825525,0.2781425,0.3159,0.2084025,-101.80009735262598,40.99996296673488,1.577295082392E12,277.54831418000003,490
0.03449250000000001,0.05198249999999999,0.07676,0.10508499999999998,0.18684250000000002,0.2337575,0.1556575,-101.80009735262598,41.09994545785738,1.577295082392E12,277.1244797,491
0.0387825,0.05561250000000001,0.08171,0.11152000000000001,0.18112250000000002,0.23650749999999998,0.146005,-101.80009735262598,41.199927948979884,1.577295082392E12,278.10886946,492
0.043484999999999996,0.05420999999999998,0.07747500000000002,0.1053325,0.169765,0.22047499999999998,0.14298,-101.80009735262598,41.29991044010239,1.577295058505E12,276.83394799999996,493
0.05800499999999997,0.0770075,0.10852250000000002,0.14482250000000002,0.23287750000000002,0.35847,0.25562,-101.80009735262598,41.39989293122489,1.577295058505E12,278.6284085,494
0.376565,0.39548500000000003,0.430135,0.45139250000000003,0.43863250000000004,0.08061000000000001,0.05310999999999999,-101.80009735262598,41.499875422347394,1.577295058505E12,274.54045658,495
0.11976999999999999,0.14386,0.1689675,0.19291999999999998,0.23769,0.2037,0.13365749999999998,-101.80009735262598,41.60012740805513,1.577295058505E12,275.47015802,496
0.32802749999999997,0.354235,0.38269749999999997,0.4042575,0.4011225,0.133245,0.09017999999999998,-101.80009735262598,41.70010989917763,1.577295058505E12,274.02091754,497
0.06061749999999999,0.08278249999999998,0.1286525,0.1678675,0.2538875,0.32054750000000004,0.20931,-101.80009735262598,41.80009239030014,1.577295058505E12,276.36226124,498
0.47732500000000005,0.4974825,0.5220674999999999,0.55141,0.5337825,0.08762249999999999,0.060809999999999975,-101.80009735262598,41.90007488142264,1.577295058505E12,273.93546704,499
0.11086000000000001,0.12439,0.15299000000000001,0.180545,0.2336475,0.2199525,0.1489475,-101.80009735262598,42.00005737254514,1.577295058505E12,277.80124766,500
0.3182375,0.33737750000000005,0.348845,0.38123999999999997,0.39787750000000005,0.138525,0.091665,-101.80009735262598,42.10003986366765,1.577295058505E12,275.36419939999996,501
0.2319425,0.2509175,0.288675,0.32434250000000003,0.3648775,0.20064749999999998,0.13640750000000001,-101.80009735262598,42.20002235479015,1.577295058505E12,274.49602232,502
0.07246999999999998,0.09889750000000003,0.1452075,0.19055500000000003,0.2871075,0.37650999999999996,0.2586725,-101.80009735262598,42.30000484591265,1.577295058505E12,274.1678924,503
-0.05964,-0.036044999999999994,0.04915,0.07005,0.13274999999999998,0.1421825,0.10426000000000002,-101.80009735262598,42.39998733703515,1.577295058505E12,270.67467596,504
0.6441125000000001,0.6813475,0.6919075000000001,0.75315,0.812055,0.67967,0.5855925,-101.80009735262598,42.49996982815765,1.577295058505E12,267.97785818,505
1.1143075,1.12792,1.0687675,1.0862850000000002,1.0661550000000002,0.64062,0.5674699999999999,-101.80009735262598,42.599952319280156,1.577295058505E12,246.21190682,506
1.0452275000000002,1.0677500000000002,1.05928,1.0823525,1.0673650000000001,0.6240375,0.5384575,-101.80009735262598,42.69993481040266,1.577295034618E12,251.98152457999998,507
0.9221925000000002,0.9278850000000001,0.8679075,0.8718125000000001,0.84412,0.41753999999999997,0.39081000000000005,-101.80009735262598,42.79991730152516,1.577295034618E12,251.48591168000002,508
0.7172350000000001,0.714925,0.6725475000000001,0.6836850000000001,0.6704300000000001,0.3574525,0.3200525,-101.80009735262598,42.899899792647666,1.577295034618E12,250.23149834,509
0.682695,0.68055,0.641335,0.6555249999999999,0.6517025000000001,0.39182750000000005,0.35706750000000004,-101.80009735262598,42.99988228377017,1.577295034618E12,252.64803848,510
0.8846275000000001,0.8886150000000002,0.8506100000000001,0.8599875000000001,0.8397750000000002,0.475455,0.4249375,-101.80009735262598,43.100134269477905,1.577295034618E12,252.05672102,511
1.4463700000000002,1.4594325000000001,1.4255525,1.4303100000000002,1.3711025000000001,0.5737399999999999,0.58694,-101.80009735262598,43.20011676060041,1.577295034618E12,228.15108914,512
0.7653050000000001,0.7522424999999999,0.6900375000000001,0.6837675000000001,0.6494200000000001,0.266675,0.2498725,-101.80009735262598,43.30009925172291,1.577295034618E12,248.53274240000002,513
0.549045,0.5244325000000001,0.4401725,0.44363749999999996,0.44036500000000006,0.19481749999999998,0.16904999999999998,-101.80009735262598,43.400081742845416,1.577295034618E12,259.5045866,514
0.9752125,0.9770275000000002,0.90198,0.8989275000000001,0.8535525000000002,0.39501749999999997,0.33495749999999996,-101.80009735262598,43.50006423396792,1.577295034618E12,246.26317712,515
0.9466400000000001,0.95313,0.8711250000000001,0.8683475,0.8314700000000002,0.4085475,0.37332000000000004,-101.80009735262598,43.60004672509042,1.577295034618E12,247.19287856,516
0.6246425,0.5867475,0.5674425000000001,0.5298499999999999,0.49591500000000005,0.31581750000000003,0.279435,-101.80009735262598,43.700029216212926,1.577295034618E12,256.8556211,517
0.91991,0.9226325000000002,0.8453300000000001,0.8519575000000001,0.8205800000000001,0.48574,0.45070499999999997,-101.80009735262598,43.80001170733543,1.576517807642E12,245.18991884000002,518
0.8226425000000002,0.8315250000000001,0.7844175,0.8022925000000001,0.78142,0.4062375,0.348845,-101.80009735262598,43.89999419845793,1.576517807642E12,254.05968073999998,519
0.4901125,0.5322425,0.5561125,0.58276,0.7499875,0.6500524999999999,0.5725575,-101.80009735262598,43.999976689580436,1.576517783759E12,282.6274919,520
0.16016750000000002,0.12108999999999998,0.085285,0.029349999999999987,0.014444999999999986,-0.009645000000000015,0.00883500000000001,-101.80009735262598,44.09995918070293,1.576517783759E12,269.63217986,521
0.5577350000000001,0.5586150000000001,0.5937325,0.6327275000000001,0.62148,0.11064000000000002,0.08880500000000002,-101.80009735262598,44.199941671825435,1.576517783759E12,270.21324326,522
1.1125475,1.1393600000000002,1.0766325,1.1165900000000002,0.993225,0.046509999999999996,0.06752000000000002,-101.80009735262598,44.29992416294794,1.576517783759E12,268.21028354,523
0.7614825000000001,0.77955,0.74831,0.7811175000000001,0.7572749999999999,0.07596249999999999,0.08234249999999999,-101.80009735262598,44.39990665407044,1.576517783759E12,268.85970734,524
-0.03260750000000001,-0.149895,-0.13807000000000003,0.030037499999999995,0.039525000000000005,0.012162499999999993,0.01848749999999999,-101.80009735262598,44.499889145192945,1.576517783759E12,266.39873294,525
0.6842349999999999,0.7134674999999999,0.6924575,0.7491075,0.7322500000000001,0.08564250000000001,0.091995,-101.80009735262598,44.59987163631545,1.576517783759E12,267.49933538,526
0.9655050000000001,0.9973225000000001,0.9675400000000001,1.0144825000000002,1.0040600000000002,0.23428,0.23983500000000002,-101.80009735262598,44.700123622023185,1.576517783759E12,264.65554274,527
1.076,1.1168925,1.1053700000000002,1.146015,1.087275,0.1505975,0.1619,-101.80009735262598,44.80010611314569,1.576517783759E12,259.52509471999997,528
0.9928675,0.997625,0.9409475,0.9482625,0.875745,0.2533375,0.2521,-101.80009735262598,44.90008860426819,1.576517783759E12,251.20221601999998,529
0.9401775000000001,0.9345675,0.8725825,0.8701350000000001,0.7777075,0.206065,0.211015,-101.80009735262598,45.000071095390695,1.576517783759E12,250.33403894,530
0.9395725000000001,0.9392975000000001,0.87503,0.8829500000000001,0.8109275,0.1944325,0.22820250000000003,-101.80009735262598,45.1000535865132,1.576517783759E12,257.68961798,531
0.8273175000000001,0.8201125,0.76162,0.7718775,0.70794,0.07851999999999998,0.1124,-101.80009735262598,45.2000360776357,1.576517783759E12,257.7101261,532
1.0517450000000002,1.0523225,0.9774400000000001,0.9792825000000001,0.8862225000000001,0.2757775,0.261175,-101.80009735262598,45.300018568758205,1.576517783759E12,247.76026988,533
0.07082,0.09397499999999998,0.14003749999999998,0.162395,0.2945875,0.2278175,0.13632499999999997,-101.80009735262598,45.40000105988071,1.573752963438E12,278.93944832,534
0.040185,0.05759249999999999,0.09026250000000002,0.11867,0.23626000000000003,0.199795,0.11616749999999998,-101.80009735262598,45.49998355100321,1.573752963438E12,278.68993286,535
0.04527249999999999,0.06224000000000002,0.09320499999999998,0.12521500000000002,0.22674500000000003,0.19971250000000002,0.11421500000000001,-101.80009735262598,45.599966042125715,1.573752963438E12,277.88328014,536
0.6840425000000001,0.6912475,-0.041105,0.021237499999999992,0.38459499999999996,0.08407500000000001,0.051460000000000006,-101.80009735262598,45.69994853324822,1.573752963438E12,276.85445612,537
0.22784500000000002,0.290435,0.36727000000000004,0.4132225,0.5881775,0.32073999999999997,0.2764375,-101.80009735262598,45.799931024370714,1.573752963438E12,274.1508023,538
0.17856500000000003,0.193635,0.22740500000000002,0.253695,0.332675,0.09152749999999998,0.05888500000000002,-101.80009735262598,45.89991351549322,1.573752963438E12,274.59172688,539
0.20309500000000003,0.2250125,0.25551,0.28708,0.42106000000000005,0.12004500000000001,0.0712875,-101.80009735262598,45.99989600661572,1.573752963438E12,276.2357945,540
-0.008517500000000011,0.04497000000000001,0.15100999999999998,0.2576,0.430575,0.1109425,0.06562249999999997,-101.80009735262598,46.099878497738224,1.573752963438E12,275.2787489,541
0.11470999999999998,0.1323375,0.175375,0.20746750000000003,0.31161,0.13934999999999997,0.08283750000000001,-101.80009735262598,46.20013048344597,1.573752963438E12,276.20845034,542
0.096835,0.12496750000000001,0.18461500000000003,0.2536125,0.40667749999999997,0.1452075,0.0930125,-101.80009735262598,46.30011297456847,1.573752963438E12,276.59810462,543
0.030285000000000006,0.046097499999999986,0.09092250000000002,0.1084675,0.2865025,0.1658325,0.09194000000000002,-101.80009735262598,46.40009546569097,1.573752963438E12,276.95699672,544
0.017524999999999985,0.030175000000000007,0.06597999999999998,0.0812425,0.32921000000000006,0.242585,0.1288725,-101.80009735262598,46.50007795681347,1.573752963438E12,278.97362852000003,545
0.015545000000000003,0.03333749999999999,0.06292750000000003,0.08341500000000002,0.19055500000000003,0.2551525,0.164265,-101.80009735262598,46.600060447935974,1.573752963438E12,280.6963106,546
0.09724749999999999,0.12455500000000003,0.1450975,0.18381750000000002,0.277235,0.14438250000000002,0.08476250000000002,-101.80009735262598,46.70004293905848,1.573752963438E12,276.57417848,547
0.06774000000000002,0.0866325,0.11630499999999999,0.14955249999999998,0.21846749999999998,0.153045,0.09488249999999998,-101.80009735262598,46.80002543018098,1.573752963438E12,277.64401874,548
1.2104475000000001,1.2725975,1.301995,1.377345,1.3795175000000002,0.1334375,0.1510375,-101.80009735262598,46.900007921303484,1.573752963438E12,263.90016032,549
1.01,1.0062875,0.9108625000000001,0.9125400000000001,0.8495375000000001,0.0720575,0.09474500000000002,-101.80009735262598,46.99999041242599,1.573752963438E12,264.53591203999997,550
1.2151775,1.231595,1.1658975,1.1783000000000001,1.0596925000000001,0.03908500000000001,0.07615499999999997,-101.80009735262598,47.09997290354849,1.576517735994E12,261.8288402,551
1.2567025,1.2937725,1.2619275,1.29028,1.1933975,0.0833875,0.11273,-101.80009735262598,47.199955394670994,1.576517735994E12,264.82302572000003,552
1.16345,1.1855875,1.10823,1.12979,1.0316975000000002,0.06061749999999999,0.08379999999999999,-101.80009735262598,47.2999378857935,1.576517735994E12,262.75854164,553
1.3081550000000002,1.3599375,1.3440975000000002,1.406495,1.3609825000000002,0.251495,0.2698925,-101.80009735262598,47.399920376916,1.577122905157E12,257.61100352,554
0.39160750000000005,0.3797,0.39235000000000003,0.37244000000000005,0.3688925,0.22044750000000002,0.22743249999999998,-101.80009735262598,47.499902868038504,1.577122905157E12,252.7539971,555
0.7745175,0.7559,0.696005,0.7008725,0.6447725,0.21813749999999998,0.22418749999999998,-101.80009735262598,47.599885359161,1.577122905157E12,251.49616573999998,556
0.7942899999999999,0.7771575,0.7151725,0.7240550000000001,0.66757,0.21618500000000002,0.2336475,-101.80009735262598,47.6998678502835,1.577122905157E12,254.30236015999998,557
0.8380425,0.8233575000000002,0.7706950000000001,0.78131,0.7260625,0.2769875,0.27531,-101.80009735262598,47.80011983599125,1.577122905157E12,251.3526089,558
0.08575250000000001,0.10010750000000002,0.15007500000000001,0.1415225,0.34692000000000006,0.14765499999999998,0.11215249999999999,-101.80009735262598,47.90010232711375,1.577122905157E12,269.71079432,559
0.035729999999999984,0.016067499999999985,0.11534250000000001,0.10170249999999997,0.20284750000000001,0.1046725,0.11273,-101.80009735262598,48.00008481823625,1.577122905157E12,258.50652476,560
0.7687975,0.782905,0.751995,0.7515000000000001,0.7202875,0.2682975,0.2880975,-101.80009735262598,48.10006730935875,1.577122905157E12,220.38192967999998,561
0.36330999999999997,0.37695000000000006,0.38118500000000005,0.41674249999999996,0.464235,0.16379749999999998,0.18392750000000002,-101.80009735262598,48.20004980048125,1.575740484235E12,237.72154514,562
0.648595,0.6614925,0.6457075000000001,0.6552500000000001,0.629785,0.19963000000000003,0.21472750000000002,-101.80009735262598,48.300032291603756,1.575740484235E12,241.57365368,563
0.41836500000000004,0.43758749999999996,0.4472675,0.47762750000000004,0.491515,0.140065,0.16789500000000002,-101.80009735262598,48.40001478272626,1.575740484235E12,240.03554468,564
0.4820825,0.4981425,0.5082625000000001,0.5360925000000001,0.5572950000000001,0.254135,0.2512475,-101.80009735262598,48.49999727384876,1.575740484235E12,241.90520162,565
0.37442000000000003,0.39138750000000005,0.44102500000000006,0.47039500000000006,0.5041100000000001,0.21844000000000002,0.21689999999999998,-101.80009735262598,48.599979764971266,1.575740484235E12,245.29245944000002,566
0.48915000000000003,0.49872,0.5189325,0.5494300000000001,0.5682400000000001,0.25001,0.24849749999999998,-101.80009735262598,48.69996225609377,1.575740484235E12,239.59120208000002,567
0.6160625,0.6198025,0.608555,0.631985,0.6464775,0.285155,0.271735,-101.80009735262598,48.79994474721627,1.575740484235E12,235.33576718,568
0.7274100000000001,0.7385474999999999,0.711735,0.7312325,0.6951525000000001,0.19490000000000002,0.21577249999999998,-101.80009735262598,48.899927238338776,1.575740484235E12,234.88800656,569
0.6750389859913279,0.6831305620147476,0.6692787457815124,0.6727155370116824,0.6518001249393167,0.20948299364954265,0.2071080949988099,-101.80009735262598,48.99990972946129,1.575740484235E12,254.4255679953675,570
,,,,,,,,,1.575740484235E12,,571
,,,,,,,,,1.575740484235E12,,572
,,,,,,,,,1.575740484235E12,,573
,,,,,,,,,1.575740484235E12,,574
,,,,,,,,,1.575740484235E12,,575
,,,,,,,,,1.575740484235E12,,576
,,,,,,,,,1.575740484235E12,,577
,,,,,,,,,1.574358060528E12,,578
,,,,,,,,,1.574358060528E12,,579
,,,,,,,,,1.575479836504E12,,580
,,,,,,,,,1.575479836504E12,,581
,,,,,,,,,1.575479836504E12,,582
,,,,,,,,,1.575479836504E12,,583
,,,,,,,,,1.575479836504E12,,584
,,,,,,,,,1.575479836504E12,,585
,,,,,,,,,1.575479836504E12,,586
,,,,,,,,,1.575479836504E12,,587
,,,,,,,,,1.575479836504E12,,588
,,,,,,,,,1.575479836504E12,,589
,,,,,,,,,1.575479836504E12,,590
,,,,,,,,,1.575479836504E12,,591
,,,,,,,,,1.575479836504E12,,592
,,,,,,,,,1.575479836504E12,,593
,,,,,,,,,1.575479836504E12,,594
,,,,,,,,,1.575479836504E12,,595
,,,,,,,,,1.575479812613E12,,596
,,,,,,,,,1.575479812613E12,,597
,,,,,,,,,1.575479812613E12,,598
,,,,,,,,,1.575479812613E12,,599
,,,,,,,,,1.575479812613E12,,600
,,,,,,,,,1.575479812613E12,,601
,,,,,,,,,1.575479812613E12,,602
,,,,,,,,,1.575479812613E12,,603
,,,,,,,,,1.575479812613E12,,604
,,,,,,,,,1.575479812613E12,,605
,,,,,,,,,1.575479812613E12,,606
,,,,,,,,,1.575479812613E12,,607
,,,,,,,,,1.575479812613E12,,608
,,,,,,,,,1.575479788718E12,,609
,,,,,,,,,1.575479788718E12,,610
,,,,,,,,,1.575479788718E12,,611
,,,,,,,,,1.575479788718E12,,612
,,,,,,,,,1.575479788718E12,,613
,,,,,,,,,1.575479788718E12,,614
,,,,,,,,,1.575479788718E12,,615
,,,,,,,,,1.575479788718E12,,616
,,,,,,,,,1.575479788718E12,,617
,,,,,,,,,1.575479788718E12,,618
,,,,,,,,,1.575479788718E12,,619
,,,,,,,,,1.575479788718E12,,620
,,,,,,,,,1.575479788718E12,,621
,,,,,,,,,1.575479788718E12,,622
,,,,,,,,,1.575479788718E12,,623
,,,,,,,,,1.575479788718E12,,624
,,,,,,,,,1.575479788718E12,,625
,,,,,,,,,1.575479764823E12,,626
,,,,,,,,,1.575479764823E12,,627
,,,,,,,,,1.575479764823E12,,628
,,,,,,,,,1.575479764823E12,,629
,,,,,,,,,1.575479764823E12,,630
,,,,,,,,,1.575479764823E12,,631
,,,,,,,,,1.575479764823E12,,632
,,,,,,,,,1.575479764823E12,,633
,,,,,,,,,1.577467331278E12,,634
,,,,,,,,,1.577467331278E12,,635
,,,,,,,,,1.577467331278E12,,636
,,,,,,,,,1.577467307387E12,,637
0.368535,0.36078000000000005,0.35407000000000005,0.37628999999999996,0.4582675,0.33327999999999997,0.27333,-101.70011486150348,29.80003749891792,1.577467307387E12,249.11038778,638
0.805455,0.8005875,0.7352750000000001,0.7362375000000001,0.7415175,0.4367625,0.3753825,-101.70011486150348,29.900019990040423,1.577467307387E12,229.9899839,639
0.93333,0.9251075000000002,0.8596025,0.8478325,0.8208,0.39669499999999996,0.3345725,-101.70011486150348,30.000002481162923,1.577467307387E12,212.61618823999999,640
1.007965,0.9983125000000002,0.9130900000000002,0.8984875000000001,0.8680175000000001,0.39911500000000005,0.33743249999999997,-101.70011486150348,30.099984972285426,1.577467307387E12,230.42407244,641
1.0889250000000001,1.081005,1.0154175,1.0001275,0.9634150000000001,0.4439675,0.366335,-101.70011486150348,30.19996746340793,1.577467307387E12,214.6088939,642
1.0356025,1.0247675,0.94862,0.9331925000000001,0.8988175,0.3807725,0.32024500000000006,-101.70011486150348,30.299949954530433,1.577467307387E12,217.8901931,643
0.9636900000000002,0.9493900000000002,0.8713175000000002,0.8556700000000002,0.8243750000000001,0.36930500000000005,0.31433249999999996,-101.70011486150348,30.399932445652937,1.577467307387E12,218.40973214000002,644
1.1048475,1.0923900000000002,1.0276,1.0103575,0.9656150000000001,0.41333250000000005,0.3840725,-101.70011486150348,30.49991493677544,1.577467307387E12,183.4707317,645
1.02705,1.0127775,0.9409475,0.9270325000000001,0.885205,0.3901225,0.3341325,-101.70011486150348,30.59989742789794,1.577467307387E12,219.0181397,646
0.94103,0.9333850000000001,0.8650475000000002,0.8539925000000002,0.8248150000000001,0.38750999999999997,0.3162575,-101.70011486150348,30.699879919020443,1.577467307387E12,233.56523282,647
0.869475,0.8543775,0.7910725000000001,0.7797425,0.7574125,0.39765750000000005,0.33248249999999996,-101.70011486150348,30.800131904728183,1.577467307387E12,228.12032696,648
0.9493625000000001,0.947465,0.8919700000000002,0.8839400000000002,0.8579525000000001,0.47039500000000006,0.38577750000000005,-101.70011486150348,30.900114395850686,1.577467307387E12,231.43580636000002,649
0.9303875000000001,0.92211,0.8562750000000001,0.8456050000000002,0.8141450000000001,0.38663,0.33790000000000003,-101.70011486150348,31.00009688697319,1.577467307387E12,223.4102954,650
0.9348975000000002,0.9243100000000002,0.86084,0.8438175000000001,0.8099925000000001,0.36474,0.31202250000000004,-101.70011486150348,31.10007937809569,1.577467283492E12,236.77133558,651
0.7906875,0.7848575,0.732305,0.7273000000000001,0.7092324999999999,0.35181500000000004,0.27817000000000003,-101.70011486150348,31.200061869218192,1.577467283492E12,250.45366964,652
0.9730400000000001,0.9631125,0.8967275000000001,0.8861400000000001,0.842635,0.432665,0.36298,-101.70011486150348,31.300044360340696,1.577467283492E12,254.15196728,653
0.84456,0.8608950000000002,0.8544875000000001,0.866835,0.8627925000000001,0.5744549999999999,0.447185,-101.70011486150348,31.4000268514632,1.577467283492E12,265.53397387999996,654
0.8941975,0.8775600000000001,0.8183800000000001,0.80342,0.772785,0.40951,0.35566499999999995,-101.70011486150348,31.500009342585702,1.577467283492E12,241.59757982,655
1.0783375000000002,1.071325,0.98129,0.9710050000000001,0.9329450000000001,0.405275,0.32041000000000003,-101.70011486150348,31.599991833708206,1.577467283492E12,248.4302018,656
0.8479975000000002,0.83708,0.7981125,0.7982225000000001,0.7854625,0.419355,0.35973499999999997,-101.70011486150348,31.699974324830706,1.577467283492E12,228.00753229999998,657
0.282295,0.268545,0.2569125,0.2807,0.34186,0.2544925,0.22338999999999998,-101.70011486150348,31.79995681595321,1.577467283492E12,255.52942933999998,658
0.4629425,0.4450675,0.40750250000000005,0.41316749999999997,0.43343499999999996,0.25553750000000003,0.2071925,-101.70011486150348,31.899939307075712,1.577467283492E12,268.01203838,659
0.5332600000000001,0.5086474999999999,0.46759,0.45700250000000003,0.45139250000000003,0.23177750000000003,0.15639999999999998,-101.70011486150348,31.999921798198216,1.577467283492E12,275.13861008,660
1.3366175,1.3506150000000001,1.33142,1.3372225000000002,1.2977875,0.7280150000000001,0.49093749999999997,-101.70011486150348,32.09990428932072,1.577467283492E12,268.63753604,661
1.0064525000000002,0.98492,0.894665,0.87063,0.8119450000000001,0.41778750000000003,0.2908475,-101.70011486150348,32.19988678044322,1.577467283492E12,272.95107728,662
1.1457675,1.1473625,1.068135,1.05499,0.9963875,0.45405999999999996,0.2863925,-101.70011486150348,32.299869271565726,1.577467283492E12,273.01601966,663
1.2821950000000002,1.2948175000000002,1.2062675,1.2122075,1.1628450000000001,0.5354325,0.35266749999999997,-101.70011486150348,32.40012125727346,1.577467283492E12,273.61417316,664
1.0665675000000001,1.0467950000000001,0.9782375000000001,0.954615,0.8882025,0.45510500000000004,0.287465,-101.70011486150348,32.500103748395965,1.577467283492E12,272.26747328,665
0.678625,0.65778,0.5984075,0.5942825,0.5849325000000001,0.3855025,0.257765,-101.70011486150348,32.60008623951847,1.577467283492E12,275.5180103,666
0.7751224999999999,0.7592274999999999,0.7070050000000001,0.69991,0.6829425,0.46396,0.32393,-101.70011486150348,32.70006873064097,1.576084863256E12,272.69130776,667
0.7524900000000001,0.730105,0.6714200000000001,0.66218,0.6450199999999999,0.41743,0.29665,-101.70011486150348,32.800051221763475,1.576084863256E12,271.55652512,668
0.8002025000000001,0.7800175,0.7307925,0.7260625,0.7070325,0.47696750000000004,0.36267750000000004,-101.70011486150348,32.90003371288598,1.576084863256E12,269.5193852,669
0.7639575000000001,0.7557075,0.7000474999999999,0.7042275,0.6925950000000001,0.47163250000000007,0.3534375,-101.70011486150348,33.00001620400848,1.576084863256E12,269.49204104,670
0.6131475,0.6055575,0.5721175000000001,0.5861425,0.5956300000000001,0.44765250000000006,0.3444175,-101.70011486150348,33.099998695130985,1.576084863256E12,274.55754668,671
0.46836000000000005,0.47518,0.45807500000000007,0.49643750000000003,0.549045,0.45991750000000003,0.380415,-101.70011486150348,33.19998118625348,1.576084863256E12,272.39735804,672
0.6100399999999999,0.6091325000000001,0.5819350000000001,0.6004149999999999,0.6255225,0.50807,0.42436,-101.70011486150348,33.299963677375985,1.576084863256E12,267.20538566,673
0.7800450000000001,0.7909625,0.74732,0.767725,0.7812000000000001,0.5690375000000001,0.48607000000000006,-101.70011486150348,33.39994616849849,1.576084863256E12,260.4787223,674
0.38118500000000005,0.40750250000000005,0.4122875,0.465115,0.5332600000000001,0.40819,0.35671,-101.70011486150348,33.49992865962099,1.576084863256E12,266.0159147,675
0.012822499999999987,0.05387999999999998,0.1300825,0.1548875,0.268545,0.22866999999999998,0.1888225,-101.70011486150348,33.599911150743495,1.576084863256E12,273.69962366,676
0.033805,0.061360000000000026,0.10764249999999997,0.14886500000000003,0.24778250000000002,0.296705,0.22619499999999998,-101.70011486150348,33.699893641866,1.576084863256E12,283.61188166,677
0.03449250000000001,0.05635499999999999,0.097385,0.12494,0.23491250000000002,0.293845,0.22427000000000002,-101.70011486150348,33.7998761329885,1.576084863256E12,284.56550924,678
0.19457000000000002,0.193525,0.230925,0.28691500000000003,0.388225,0.3555,0.30363500000000004,-101.70011486150348,33.90012811869624,1.576084863256E12,267.98469422,679
0.57176,0.5986549999999999,0.5957675,0.6361650000000001,0.6853625000000001,0.5869675000000001,0.5057324999999999,-101.70011486150348,34.00011060981874,1.576084863256E12,271.2967556,680
0.40499999999999997,0.42348,0.44275749999999997,0.49905000000000005,0.5937600000000001,0.4985825,0.416495,-101.70011486150348,34.100093100941244,1.576084839365E12,268.65804416000003,681
0.4307675,0.43712,0.44042,0.470285,0.5140374999999999,0.44146500000000005,0.38126750000000004,-101.70011486150348,34.20007559206375,1.576084839365E12,267.09259099999997,682
0.54173,0.55966,0.562025,0.6021475000000001,0.6485675,0.5430775000000001,0.4694875,-101.70011486150348,34.30005808318625,1.576084839365E12,267.21563972,683
0.2652725,0.2858425,0.32164750000000003,0.37596,0.542335,0.38731750000000004,0.3336925,-101.70011486150348,34.400040574308754,1.576084839365E12,262.33128913999997,684
0.2883175,0.307155,0.34532500000000005,0.4005175,0.5442325000000001,0.35151250000000006,0.305615,-101.70011486150348,34.50002306543126,1.576084839365E12,253.8306734,685
0.19556,0.2196225,0.27509,0.321455,0.5204175,0.29467,0.2626875,-101.70011486150348,34.60000555655376,1.576084839365E12,247.30909124,686
0.525835,0.5361750000000001,0.5252025,0.5458000000000001,0.6237900000000001,0.3027825,0.30239750000000004,-101.70011486150348,34.699988047676264,1.576084839365E12,234.28643504000001,687
0.5143949999999999,0.5266325000000001,0.5096100000000001,0.5286675000000001,0.5956025,0.2370025,0.252485,-101.70011486150348,34.79997053879877,1.576084839365E12,228.7253165,688
0.5907625000000001,0.5910375000000001,0.56802,0.5742625000000001,0.5924674999999999,0.24814000000000003,0.2674725,-101.70011486150348,34.899953029921264,1.576690008907E12,226.57196390000001,689
0.049287499999999984,0.0597375,0.08363500000000001,0.11080499999999999,0.21519500000000003,0.266015,0.205845,-101.70011486150348,34.99993552104377,1.576690008907E12,285.27987542,690
0.0471975,0.06045250000000002,0.08946500000000002,0.13024750000000002,0.21219749999999998,0.285045,0.21384750000000002,-101.70011486150348,35.09991801216627,1.576690008907E12,285.70029188,691
0.06617250000000002,0.0814625,0.11358249999999998,0.156125,0.23705750000000003,0.33746000000000004,0.24041250000000003,-101.70011486150348,35.199900503288774,1.576690008907E12,285.16366274,692
0.07175500000000001,0.08806249999999999,0.1273875,0.1757325,0.2560875,0.3713675,0.3260475,-101.70011486150348,35.29988299441128,1.576690008907E12,285.86435684,693
0.056217499999999976,0.06889499999999998,0.09383750000000002,0.12890000000000001,0.19468000000000002,0.2363425,0.18090250000000002,-101.70011486150348,35.39986548553378,1.576690008907E12,283.07867053999996,694
0.04205500000000001,0.05247750000000001,0.0740925,0.10161999999999999,0.17320249999999998,0.2216575,0.15818749999999998,-101.70011486150348,35.500117471241516,1.57668998502E12,281.23635776000003,695
0.03622500000000001,0.04513500000000001,0.06034250000000002,0.08456999999999998,0.1391575,0.21343499999999999,0.1382775,-101.70011486150348,35.60009996236402,1.57668998502E12,282.64800002,696
0.058555000000000024,0.07629249999999999,0.10945749999999999,0.14661000000000002,0.2279,0.32802749999999997,0.242475,-101.70011486150348,35.70008245348652,1.57668998502E12,285.68320178,697
0.04846249999999999,0.057620000000000005,0.07626499999999997,0.09961249999999999,0.16410000000000002,0.27399,0.1912975,-101.70011486150348,35.800064944609026,1.57668998502E12,285.54306296,698
0.043292499999999984,0.05415500000000001,0.0841575,0.10459000000000002,0.23279500000000003,0.254135,0.1944325,-101.70011486150348,35.90004743573153,1.57668998502E12,286.16856062,699
0.05393500000000001,0.06672250000000002,0.102995,0.12603999999999999,0.292305,0.3092725,0.2354075,-101.70011486150348,36.00002992685403,1.57668998502E12,286.08311012,700
0.07992250000000001,0.1058,0.15519,0.21585500000000002,0.32332500000000003,0.36922250000000006,0.25716,-101.70011486150348,36.10001241797654,1.57668998502E12,285.9771515,701
0.058967500000000006,0.06963750000000002,0.09273749999999997,0.12472,0.20232499999999998,0.29819,0.250505,-101.70011486150348,36.19999490909904,1.57668998502E12,285.9600614,702
0.06424750000000001,0.078905,0.10437000000000002,0.13566499999999998,0.2136,0.33957750000000003,0.2663175,-101.70011486150348,36.29997740022154,1.57668998502E12,286.71886184,703
0.053385000000000016,0.061167499999999986,0.0809125,0.10439749999999998,0.19099500000000003,0.28092,0.21461750000000002,-101.70011486150348,36.39995989134405,1.57668998502E12,284.22370724,704
0.067575,0.07986749999999998,0.11201499999999998,0.1498,0.22583750000000002,0.34348249999999997,0.3181825,-101.70011486150348,36.49994238246655,1.57668998502E12,286.8145664,705
0.05019499999999999,0.06663999999999998,0.09455249999999998,0.14001000000000002,0.24209000000000003,0.30289249999999995,0.20031749999999998,-101.70011486150348,36.599924873589046,1.57668998502E12,286.8658367,706
0.06257000000000001,0.07414749999999998,0.10137249999999998,0.1313475,0.2026,0.28826250000000003,0.22380250000000002,-101.70011486150348,36.69990736471155,1.57668998502E12,284.91414728,707
0.06177250000000001,0.07299250000000002,0.09958499999999998,0.133135,0.20309500000000003,0.33064,0.25661,-101.70011486150348,36.79988985583405,1.57668998502E12,286.26426518,708
0.0687025,0.08586250000000001,0.12444500000000003,0.17529250000000002,0.2637875,0.347965,0.2748975,-101.70011486150348,36.899872346956556,1.576689961129E12,285.50888276,709
0.06477,0.08212249999999999,0.1256275,0.17529250000000002,0.255345,0.36100000000000004,0.30424,-101.70011486150348,37.0001243326643,1.576689961129E12,284.44587853999997,710
0.03476750000000001,0.048187499999999994,0.07387250000000001,0.10203250000000003,0.169545,0.2587825,0.181205,-101.70011486150348,37.1001068237868,1.576689961129E12,282.68218021999996,711
0.04727999999999999,0.061634999999999995,0.08899750000000001,0.11671749999999997,0.19635750000000002,0.28697,0.19550499999999998,-101.70011486150348,37.2000893149093,1.576689961129E12,285.1397366,712
0.05473250000000002,0.06707999999999997,0.09150000000000003,0.1367375,0.22641499999999998,0.30006000000000005,0.20293,-101.70011486150348,37.3000718060318,1.576689961129E12,283.8750692,713
0.06994,0.08297500000000002,0.11592000000000002,0.15378750000000002,0.23120000000000002,0.33746000000000004,0.3063025,-101.70011486150348,37.400054297154306,1.576689961129E12,284.69881202,714
0.035042500000000004,0.05041499999999999,0.07376250000000001,0.10599249999999999,0.175375,0.248855,0.15257749999999998,-101.70011486150348,37.50003678827681,1.576689961129E12,281.08596488,715
0.05888500000000002,0.06721749999999999,0.09397499999999998,0.12051250000000002,0.16924250000000002,0.25639,0.23846,-101.70011486150348,37.60001927939931,1.576689961129E12,283.96051969999996,716
0.05806,0.0744225,0.10459000000000002,0.13734249999999998,0.2150575,0.321675,0.24734250000000002,-101.70011486150348,37.700001770521816,1.576689961129E12,286.95470522,717
0.053495000000000015,0.06966499999999998,0.09988750000000002,0.13890999999999998,0.21596500000000002,0.30572499999999997,0.21700999999999998,-101.70011486150348,37.79998426164432,1.576689961129E12,283.60162760000003,718
0.057152499999999995,0.06966499999999998,0.09127999999999997,0.12031999999999998,0.18706250000000002,0.3000875,0.22592,-101.70011486150348,37.89996675276682,1.576689961129E12,282.62407387999997,719
0.056410000000000016,0.06752000000000002,0.09218749999999998,0.13910250000000002,0.22839500000000001,0.297145,0.193855,-101.70011486150348,37.999949243889326,1.576689961129E12,281.76615086000004,720
0.07304749999999999,0.08624749999999998,0.12155749999999999,0.15694999999999998,0.21678999999999998,0.30341500000000005,0.2693975,-101.70011486150348,38.09993173501183,1.576689961129E12,284.99959778,721
0.05519999999999997,0.06798749999999998,0.09697250000000002,0.12535249999999998,0.18368,0.2642,0.235765,-101.70011486150348,38.19991422613433,1.576689961129E12,285.14657264,722
0.0627625,0.073515,0.10607499999999997,0.13855250000000002,0.2183025,0.29368,0.26552,-101.70011486150348,38.299896717256836,1.576689961129E12,284.99959778,723
0.041779999999999984,0.05588749999999998,0.08184750000000002,0.10874250000000002,0.16803250000000003,0.276135,0.1936075,-101.70011486150348,38.39987920837933,1.576689961129E12,282.69585229999996,724
0.05069000000000001,0.0684825,0.09598250000000003,0.12848749999999998,0.19258999999999998,0.297475,0.20887,-101.70011486150348,38.500131194087075,1.576689937242E12,284.10065852,725
0.06036999999999998,0.07434000000000002,0.10315999999999997,0.1359125,0.2300725,0.325525,0.2734125,-101.70011486150348,38.60011368520958,1.576689937242E12,283.41021848,726
0.07032499999999997,0.09210499999999999,0.128955,0.16762,0.2358475,0.346975,0.2920575,-101.70011486150348,38.70009617633208,1.576689937242E12,282.67534418,727
0.054127499999999995,0.06801499999999999,0.090895,0.11779,0.17600749999999998,0.273935,0.207165,-101.70011486150348,38.800078667454585,1.576689937242E12,282.91118756000003,728
0.054759999999999975,0.072965,0.10216999999999998,0.14199,0.24076999999999998,0.2836425,0.1798575,-101.70011486150348,38.90006115857708,1.576689937242E12,283.9092494,729
0.06663999999999998,0.08798,0.1179,0.1593425,0.22438000000000002,0.321675,0.2144525,-101.70011486150348,39.000043649699585,1.576689937242E12,286.0796921,730
0.06608999999999998,0.085615,0.12194250000000001,0.16685,0.24522500000000003,0.35164999999999996,0.24131999999999998,-101.70011486150348,39.10002614082209,1.576689937242E12,286.46592836,731
0.07255250000000002,0.0925725,0.12928499999999998,0.1842025,0.31425,0.41116,0.2609825,-101.70011486150348,39.20000863194459,1.576689937242E12,287.05724582,732
0.067465,0.08000499999999999,0.10326999999999997,0.1336025,0.1982275,0.31414000000000003,0.278005,-101.70011486150348,39.299991123067095,1.576689937242E12,286.31553548,733
0.046042499999999986,0.060919999999999974,0.08833750000000001,0.12037500000000001,0.19019750000000002,0.30385500000000004,0.20262750000000002,-101.70011486150348,39.3999736141896,1.576689937242E12,285.43026829999997,734
0.08795249999999999,0.12188749999999998,0.1739175,0.23796499999999998,0.33314249999999995,0.45166750000000006,0.31581750000000003,-101.70011486150348,39.4999561053121,1.576689937242E12,287.19396661999997,735
0.05415500000000001,0.0782175,0.11459999999999998,0.15442,0.23287750000000002,0.30929999999999996,0.24679250000000003,-101.70011486150348,39.599938596434605,1.576689937242E12,285.81308654,736
0.066475,0.09785250000000001,0.14449250000000002,0.204415,0.30572499999999997,0.3491475,0.2475075,-101.70011486150348,39.69992108755711,1.576689937242E12,284.3706821,737
0.06573249999999997,0.09053749999999999,0.13082500000000002,0.17182750000000002,0.24588500000000002,0.34576500000000004,0.2538325,-101.70011486150348,39.79990357867961,1.576689937242E12,283.39654640000003,738
0.030917499999999987,0.05234,0.08228750000000001,0.11393999999999999,0.17774,0.21019,0.14056000000000002,-101.70011486150348,39.899886069802115,1.577295082392E12,277.26803654,739
0.013124999999999998,0.03209999999999999,0.06122250000000001,0.08355249999999997,0.12301499999999999,0.11641499999999999,0.091115,-101.70011486150348,39.99986856092462,1.577295082392E12,273.1937567,740
0.04901249999999999,0.07714500000000002,0.06468750000000001,0.08368999999999999,0.18340499999999998,0.201335,0.16412749999999998,-101.70011486150348,40.100120546632354,1.577295082392E12,265.47244952,741
0.08223249999999999,0.11135499999999998,0.1697925,0.2148925,0.3356725,0.39730000000000004,0.3050375,-101.70011486150348,40.20010303775486,1.577295082392E12,272.41103011999996,742
0.1081375,0.185,0.24566500000000002,0.35725999999999997,0.5180525,0.3686725,0.28037,-101.70011486150348,40.30008552887736,1.577295082392E12,256.04896838,743
0.08264500000000002,0.1367375,0.23232750000000002,0.32263749999999997,0.4731175,0.38899500000000004,0.2657675,-101.70011486150348,40.400068019999864,1.577295082392E12,265.60917032,744
0.021952499999999986,0.044639999999999985,0.06636500000000001,0.0902075,0.12494,0.10706500000000002,0.078685,-101.70011486150348,40.50005051112237,1.577295082392E12,274.53020252,745
0.06023250000000002,0.08190249999999999,0.146225,0.18412,0.30429500000000004,0.3113075,0.22325250000000002,-101.70011486150348,40.600033002244864,1.577295082392E12,275.88032042,746
0.0721675,0.09172000000000002,0.1263975,0.17389,0.2698925,0.42722,0.306,-101.70011486150348,40.70001549336737,1.577295082392E12,281.93363383999997,747
0.08352500000000002,0.11413250000000003,0.1626975,0.22069500000000003,0.32453499999999996,0.35530750000000005,0.2624125,-101.70011486150348,40.79999798448987,1.577295082392E12,280.15284542,748
0.04106499999999999,0.05992999999999998,0.09094999999999998,0.1276625,0.24310750000000003,0.2863925,0.19839250000000003,-101.70011486150348,40.899980475612374,1.577295082392E12,281.33206232,749
0.06402750000000001,0.09463500000000002,0.145015,0.2070825,0.317165,0.2936525,0.18907000000000002,-101.70011486150348,40.99996296673488,1.577295082392E12,278.00974687999997,750
0.0754125,0.11119000000000001,0.1704525,0.23725000000000002,0.34763499999999997,0.30644,0.20185750000000002,-101.70011486150348,41.09994545785738,1.577295082392E12,278.00632886,751
0.0416975,0.0504425,0.06851000000000002,0.08902500000000002,0.15436499999999997,0.18439499999999998,0.10943000000000003,-101.70011486150348,41.199927948979884,1.577295082392E12,277.11422564,752
0.045795,0.06279000000000001,0.09408499999999997,0.12980750000000002,0.2079625,0.2950275,0.19556,-101.70011486150348,41.29991044010239,1.577295058505E12,278.60790038,753
0.036390000000000006,0.05624499999999999,0.08973999999999999,0.12702999999999998,0.20603749999999998,0.2857325,0.181975,-101.70011486150348,41.39989293122489,1.577295058505E12,276.63570284,754
0.04659250000000001,0.06466,0.09799000000000002,0.1256,0.18604500000000002,0.2251225,0.151395,-101.70011486150348,41.499875422347394,1.577295058505E12,276.7143173,755
0.42499250000000005,0.44006249999999997,0.476335,0.5011399999999999,0.4708625,0.07818999999999998,0.05280750000000001,-101.70011486150348,41.60012740805513,1.577295058505E12,273.42276404,756
0.32117999999999997,0.34807499999999997,0.3449125,0.37403500000000006,0.37618,0.11960500000000002,0.08206750000000002,-101.70011486150348,41.70010989917763,1.577295058505E12,273.89103278,757
0.243025,0.25914,0.29318500000000003,0.31878750000000006,0.34700250000000005,0.17202,0.11927500000000002,-101.70011486150348,41.80009239030014,1.577295058505E12,275.7230915,758
0.32766999999999996,0.3390825,0.32712,0.34656250000000005,0.34274,0.10016249999999999,0.07249749999999999,-101.70011486150348,41.90007488142264,1.577295058505E12,273.75431198,759
0.4166325,0.424305,0.41558750000000005,0.454335,0.43984249999999997,0.08116000000000001,0.05624499999999999,-101.70011486150348,42.00005737254514,1.577295058505E12,272.19911288000003,760
0.1261775,0.15142250000000002,0.19157249999999998,0.2249025,0.28719,0.2503125,0.17732750000000003,-101.70011486150348,42.10003986366765,1.577295058505E12,276.63228482,761
0.04144999999999999,0.06581500000000001,0.11696499999999999,0.16184500000000002,0.254355,0.32104249999999995,0.2275975,-101.70011486150348,42.20002235479015,1.577295058505E12,273.72696782,762
0.01879,0.037242499999999984,0.0682625,0.08960249999999997,0.14193499999999998,0.11481999999999998,0.0710675,-101.70011486150348,42.30000484591265,1.577295058505E12,273.7919102,763
0.3476075,0.352365,0.35055,0.390315,0.43934750000000006,0.38379749999999996,0.31788,-101.70011486150348,42.39998733703515,1.577295058505E12,267.1438613,764
0.4560125,0.44319749999999997,0.4165775,0.43483750000000004,0.46712250000000005,0.37565750000000003,0.32841250000000005,-101.70011486150348,42.49996982815765,1.577295058505E12,265.94071826,765
0.7313425,0.74457,0.718885,0.7454775,0.7600800000000001,0.56307,0.48373250000000007,-101.70011486150348,42.599952319280156,1.577295058505E12,264.8537879,766
1.198045,1.2314850000000002,1.20899,1.2396525,1.2443825000000002,0.7497125,0.6545624999999999,-101.70011486150348,42.69993481040266,1.577295034618E12,252.16609766,767
1.1328425000000002,1.1528075,1.0830125000000002,1.09382,1.064395,0.5062550000000001,0.46698500000000004,-101.70011486150348,42.79991730152516,1.577295034618E12,242.81097692,768
0.6525274999999999,0.643975,0.5847125,0.5982149999999999,0.58782,0.2887575,0.25485,-101.70011486150348,42.899899792647666,1.577295034618E12,250.48443182,769
0.6319575,0.6299775000000001,0.5587249999999999,0.5781125,0.58331,0.31414000000000003,0.2722025,-101.70011486150348,42.99988228377017,1.577295034618E12,251.58503426,770
0.8547625000000001,0.8596025,0.7816400000000001,0.79572,0.7772950000000001,0.401975,0.34320750000000005,-101.70011486150348,43.100134269477905,1.577295034618E12,250.24858844,771
1.122255,1.129955,1.0590875000000002,1.0681625000000001,1.0249325,0.4350025,0.39213000000000003,-101.70011486150348,43.20011676060041,1.577295034618E12,247.9858592,772
1.2285425,1.2453175,1.18028,1.16554,1.10295,0.5586424999999999,0.5257525000000001,-101.70011486150348,43.30009925172291,1.577295034618E12,237.70103702,773
0.69122,0.664105,0.5821825,0.5730525,0.5396675,0.23323500000000003,0.19907999999999998,-101.70011486150348,43.400081742845416,1.577295034618E12,248.10890791999998,774
0.9988625,0.9999625000000001,0.9172425000000002,0.9169675000000002,0.8642500000000002,0.43082250000000005,0.39355999999999997,-101.70011486150348,43.50006423396792,1.577295034618E12,249.11038778,775
1.1946625000000002,1.2058275,1.1017400000000002,1.1088625,1.0523500000000001,0.5332049999999999,0.5198400000000001,-101.70011486150348,43.60004672509042,1.577295034618E12,234.06768176,776
0.5511625,0.52413,0.44924749999999997,0.44583750000000005,0.4362675,0.22427000000000002,0.19072,-101.70011486150348,43.700029216212926,1.577295034618E12,253.29404426,777
0.7074175,0.6922650000000001,0.60036,0.5962624999999999,0.5648850000000001,0.273825,0.2403575,-101.70011486150348,43.80001170733543,1.577295034618E12,253.56748585999998,778
0.9345950000000001,0.9263725,0.8313600000000001,0.8207450000000001,0.7493000000000001,0.33283999999999997,0.2978875,-101.70011486150348,43.89999419845793,1.577295034618E12,249.15140402,779
0.833615,0.8307550000000001,0.7694575000000001,0.7750675,0.7476499999999999,0.39851,0.36523500000000003,-101.70011486150348,43.999976689580436,1.577295034618E12,248.23195664,780
0.46349250000000003,0.49003,0.4847225,0.5464325000000001,0.5740425,0.08899750000000001,0.09152749999999998,-101.70011486150348,44.09995918070293,1.577295034618E12,264.6487067,781
0.5966750000000001,0.6485400000000001,0.705905,0.7513350000000001,0.75997,0.10558000000000001,0.1046725,-101.70011486150348,44.199941671825435,1.577295034618E12,264.71364908,782
0.6198025,0.6264575000000001,0.6127625000000001,0.6580275,0.6645449999999999,0.090565,0.08899750000000001,-101.70011486150348,44.29992416294794,1.576517783759E12,270.4764308,783
0.9029975000000001,0.9432575000000001,0.9328350000000001,0.9914925000000001,0.9667975,0.13170500000000002,0.15142250000000002,-101.70011486150348,44.39990665407044,1.576517783759E12,267.08233694,784
0.35225500000000004,0.34763499999999997,0.34139250000000004,0.40392750000000005,0.46676500000000004,0.09666999999999998,0.09578999999999999,-101.70011486150348,44.499889145192945,1.576517783759E12,267.32159834,785
0.079015,-0.003375000000000017,0.12062250000000002,0.12007250000000003,0.3148,0.07761249999999997,0.07260749999999999,-101.70011486150348,44.59987163631545,1.576517783759E12,267.58136786,786
0.77427,0.8464025000000002,0.8393350000000002,0.9293150000000001,0.9179300000000001,0.13970749999999998,0.12441750000000001,-101.70011486150348,44.700123622023185,1.576517783759E12,268.02229244,787
1.336535,1.3907100000000001,1.4103175000000001,1.42877,1.3472600000000001,0.1756775,0.19113249999999998,-101.70011486150348,44.80010611314569,1.576517783759E12,267.68390846,788
1.0111,1.0289750000000002,0.9900625000000001,1.0058200000000002,0.9241175000000001,0.18995,0.20801750000000002,-101.70011486150348,44.90008860426819,1.576517783759E12,260.21211674,789
0.8344400000000001,0.8423325000000002,0.8218450000000002,0.863205,0.8442025000000002,0.27066250000000003,0.27102,-101.70011486150348,45.000071095390695,1.576517783759E12,253.3350605,790
0.9677875,0.9667975,0.9005225000000001,0.9067375,0.8326250000000002,0.2733025,0.2761075,-101.70011486150348,45.1000535865132,1.576517783759E12,255.71400241999999,791
0.91188,0.9130900000000002,0.8621875000000001,0.8759650000000001,0.8268775000000002,0.2986575,0.296925,-101.70011486150348,45.2000360776357,1.576517783759E12,252.14217151999998,792
1.03332,1.03255,0.9550000000000001,0.9566225000000002,0.8677700000000002,0.2576275,0.2652175,-101.70011486150348,45.300018568758205,1.576517783759E12,251.39362513999998,793
0.042385000000000006,0.05575000000000002,0.08022499999999999,0.10610249999999999,0.18549500000000002,0.15615250000000003,0.090675,-101.70011486150348,45.40000105988071,1.573752963438E12,278.68993286,794
-0.0026875000000000093,0.026654999999999984,0.07695249999999998,0.10951250000000001,0.20645000000000002,0.15142250000000002,0.09353499999999998,-101.70011486150348,45.49998355100321,1.573752963438E12,277.57565834,795
0.5452224999999999,-0.15143500000000001,0.0015199999999999936,0.04749999999999999,0.2530075,0.188355,0.11130000000000001,-101.70011486150348,45.599966042125715,1.573752963438E12,277.13131574,796
0.6952075,-0.1550375,0.06958249999999999,0.1206775,0.4280725,0.12436249999999999,0.07005,-101.70011486150348,45.69994853324822,1.573752963438E12,276.73482542,797
0.18984,0.224545,0.2940375,0.33790000000000003,0.4251575,0.19313999999999998,0.17127750000000003,-101.70011486150348,45.799931024370714,1.573752963438E12,273.79532822,798
0.12881749999999997,0.1548875,0.20986,0.24187000000000003,0.35313500000000003,0.10827500000000001,0.06707999999999997,-101.70011486150348,45.89991351549322,1.573752963438E12,275.23431464,799
0.09449750000000001,0.12505,0.168225,0.20084000000000002,0.32563499999999995,0.11275750000000001,0.06641999999999998,-101.70011486150348,45.99989600661572,1.573752963438E12,276.05122142,800
0.01947750000000001,0.064,0.1652,0.21585500000000002,0.45158499999999996,0.17375249999999998,0.0987325,-101.70011486150348,46.099878497738224,1.573752963438E12,275.87006636,801
0.2015,0.21970499999999998,0.24368499999999998,0.284495,0.33009000000000005,0.07301999999999997,0.04904,-101.70011486150348,46.20013048344597,1.573752963438E12,274.3558835,802
0.009825,0.02849750000000001,0.0649075,0.09664250000000002,0.2242425,0.2351875,0.13316250000000002,-101.70011486150348,46.30011297456847,1.573752963438E12,280.1152472,803
0.047967499999999996,0.06570500000000001,0.1101725,0.13409749999999998,0.30858500000000005,0.1585725,0.08839249999999998,-101.70011486150348,46.40009546569097,1.573752963438E12,277.39108525999995,804
0.16121249999999998,0.17432999999999998,0.18631999999999999,0.212885,0.282515,0.12073250000000002,0.07648500000000003,-101.70011486150348,46.50007795681347,1.573752963438E12,277.0732094,805
0.03809499999999999,0.06072749999999999,0.10304999999999997,0.12791000000000002,0.273385,0.188685,0.1131975,-101.70011486150348,46.600060447935974,1.573752963438E12,278.19090194,806
0.12505,0.1553,0.199245,0.258425,0.4055775,0.14138499999999998,0.08770499999999998,-101.70011486150348,46.70004293905848,1.573752963438E12,276.13667192,807
0.04122999999999999,0.05316500000000002,0.0897675,0.11943999999999999,0.25815,0.32951250000000004,0.21635,-101.70011486150348,46.80002543018098,1.573752963438E12,280.84328546,808
1.1402125,1.1725525,1.1562725,1.1999975,1.1524775,0.1076975,0.13016499999999998,-101.70011486150348,46.900007921303484,1.573752963438E12,263.83521794,809
1.185175,1.201675,1.1597375,1.1766500000000002,1.08392,0.06185499999999999,0.09757749999999998,-101.70011486150348,46.99999041242599,1.573752963438E12,263.50708801999997,810
1.0128325,1.00967,0.9364650000000001,0.9621225,0.9174625000000001,0.0871825,0.10054750000000001,-101.70011486150348,47.09997290354849,1.576517735994E12,263.84205398,811
1.0397,1.035795,0.9748000000000001,0.97777,0.9110825,0.06771250000000001,0.0932325,-101.70011486150348,47.199955394670994,1.576517735994E12,264.15651182,812
0.65635,0.6106450000000001,0.5659025,0.59002,0.57165,0.04133999999999999,0.07381749999999998,-101.70011486150348,47.2999378857935,1.576517735994E12,264.28297856,813
1.28929,1.3453075,1.3422825,1.406605,1.3840000000000001,0.18832749999999998,0.21822000000000003,-101.70011486150348,47.399920376916,1.576517735994E12,261.14181818,814
0.6961975,0.7090400000000001,0.6567075,0.6741975,0.6388050000000001,0.2141225,0.24363,-101.70011486150348,47.499902868038504,1.576517735994E12,255.04065248,815
0.8098275000000001,0.7941800000000001,0.7388775000000001,0.7485299999999999,0.6920175,0.23447250000000003,0.24594,-101.70011486150348,47.599885359161,1.576517735994E12,253.75889497999998,816
0.8371350000000002,0.8221475,0.7571924999999999,0.760025,0.6948225000000001,0.2200625,0.23133750000000003,-101.70011486150348,47.6998678502835,1.576517735994E12,252.65487452,817
0.8479975000000002,0.8363100000000001,0.7809524999999999,0.791925,0.734175,0.30289249999999995,0.2834775,-101.70011486150348,47.80011983599125,1.576517735994E12,249.5581484,818
0.763325,0.7481725000000001,0.6839325,0.6902575,0.6473850000000001,0.3012425,0.2717625,-101.70011486150348,47.90010232711375,1.576517735994E12,248.75149568,819
0.7588699999999999,0.7440200000000001,0.6736200000000001,0.68143,0.6416375000000001,0.290655,0.2506425,-101.70011486150348,48.00008481823625,1.576517735994E12,248.15334217999998,820
0.7829325,0.758265,0.6972975000000001,0.6990025,0.65151,0.33649750000000006,0.27905,-101.70011486150348,48.10006730935875,1.576517735994E12,247.81154018,821
0.9208725,0.9246400000000001,0.8969750000000001,0.9021725,0.855175,0.288455,0.31309499999999996,-101.70011486150348,48.20004980048125,1.575740484235E12,226.13445733999998,822
0.6724924999999999,0.6904224999999999,0.651125,0.6795325000000001,0.680275,0.2153875,0.23208,-101.70011486150348,48.300032291603756,1.575740484235E12,236.32699298,823
0.5670025000000001,0.5793225,0.56274,0.58298,0.59013,0.22583750000000002,0.23760750000000003,-101.70011486150348,48.40001478272626,1.575740484235E12,234.20782058,824
0.541785,0.5557825000000001,0.5390625,0.5662875,0.5841624999999999,0.25551,0.25793,-101.70011486150348,48.49999727384876,1.575740484235E12,239.20496581999998,825
0.35698500000000005,0.38539249999999997,0.39364250000000006,0.44270250000000005,0.49286250000000004,0.20554250000000002,0.21071250000000002,-101.70011486150348,48.599979764971266,1.575740484235E12,244.11666056,826
0.394055,0.40406500000000006,0.418035,0.45727750000000006,0.48904,0.21536,0.21965,-101.70011486150348,48.69996225609377,1.575740484235E12,240.90713978,827
0.5514375,0.5773699999999999,0.544205,0.5765724999999999,0.571375,0.15593249999999997,0.182525,-101.70011486150348,48.79994474721627,1.575740484235E12,233.82158432,828
0.6844825000000001,0.694355,0.6749125,0.69276,0.6528025,0.14397,0.1754575,-101.70011486150348,48.899927238338776,1.575740484235E12,237.07212134,829
0.7629259770843293,0.7820131696417156,0.7686801566148316,0.7799184242630564,0.7785900968330529,0.26760523901938355,0.2514511058472706,-101.70011486150347,48.99990972946129,1.575740484235E12,253.1565872480921,830
,,,,,,,,,1.575740484235E12,,831
,,,,,,,,,1.575740484235E12,,832
,,,,,,,,,1.575740484235E12,,833
,,,,,,,,,1.575740484235E12,,834
,,,,,,,,,1.575740484235E12,,835
,,,,,,,,,1.574358060528E12,,836
,,,,,,,,,1.574358060528E12,,837
,,,,,,,,,1.574358060528E12,,838
,,,,,,,,,1.574358060528E12,,839
,,,,,,,,,1.575479836504E12,,840
,,,,,,,,,1.575479836504E12,,841
,,,,,,,,,1.575479836504E12,,842
,,,,,,,,,1.575479836504E12,,843
,,,,,,,,,1.575479836504E12,,844
,,,,,,,,,1.575479836504E12,,845
,,,,,,,,,1.575479836504E12,,846
,,,,,,,,,1.575479836504E12,,847
,,,,,,,,,1.575479836504E12,,848
,,,,,,,,,1.575479836504E12,,849
,,,,,,,,,1.575479836504E12,,850
,,,,,,,,,1.575479836504E12,,851
,,,,,,,,,1.575479836504E12,,852
,,,,,,,,,1.575479836504E12,,853
,,,,,,,,,1.575479836504E12,,854
,,,,,,,,,1.575479836504E12,,855
,,,,,,,,,1.575479812613E12,,856
,,,,,,,,,1.575479812613E12,,857
,,,,,,,,,1.575479812613E12,,858
,,,,,,,,,1.575479812613E12,,859
,,,,,,,,,1.575479812613E12,,860
,,,,,,,,,1.575479812613E12,,861
,,,,,,,,,1.575479812613E12,,862
,,,,,,,,,1.575479812613E12,,863
,,,,,,,,,1.575479812613E12,,864
,,,,,,,,,1.575479812613E12,,865
,,,,,,,,,1.575479812613E12,,866
,,,,,,,,,1.575479812613E12,,867
,,,,,,,,,1.575479812613E12,,868
,,,,,,,,,1.575479788718E12,,869
,,,,,,,,,1.575479788718E12,,870
,,,,,,,,,1.575479788718E12,,871
,,,,,,,,,1.575479788718E12,,872
,,,,,,,,,1.575479788718E12,,873
,,,,,,,,,1.575479788718E12,,874
,,,,,,,,,1.575479788718E12,,875
,,,,,,,,,1.575479788718E12,,876
,,,,,,,,,1.575479788718E12,,877
,,,,,,,,,1.575479788718E12,,878
,,,,,,,,,1.575479788718E12,,879
,,,,,,,,,1.575479788718E12,,880
,,,,,,,,,1.575479788718E12,,881
,,,,,,,,,1.575479788718E12,,882
,,,,,,,,,1.575479788718E12,,883
,,,,,,,,,1.575479788718E12,,884
,,,,,,,,,1.575479788718E12,,885
,,,,,,,,,1.575479764823E12,,886
,,,,,,,,,1.575479764823E12,,887
,,,,,,,,,1.575479764823E12,,888
,,,,,,,,,1.575479764823E12,,889
,,,,,,,,,1.575479764823E12,,890
,,,,,,,,,1.575479764823E12,,891
,,,,,,,,,1.575479764823E12,,892
,,,,,,,,,1.575479764823E12,,893
,,,,,,,,,1.577467331278E12,,894
,,,,,,,,,1.577467331278E12,,895
,,,,,,,,,1.577467331278E12,,896
,,,,,,,,,1.577467307387E12,,897
0.18730999999999998,0.19226,0.22999000000000003,0.26112,0.36237500000000006,0.27344,0.24670999999999998,-101.60013237038098,29.80003749891792,1.577467307387E12,246.05125988,898
1.0234475,1.01506,0.9491700000000001,0.937565,0.9111925000000001,0.465995,0.38220250000000006,-101.60013237038098,29.900019990040423,1.577467307387E12,220.05038173999998,899
1.0651925,1.0572725,0.9807950000000001,0.9652850000000002,0.9311575000000001,0.443115,0.3865475,-101.60013237038098,30.000002481162923,1.577467307387E12,215.62746385999998,900
1.07193,1.06522,0.9803275,0.9661925,0.9296725000000001,0.4208125,0.37513500000000005,-101.60013237038098,30.099984972285426,1.577467307387E12,212.10348524,901
1.0941225,1.0826825,1.0054075,0.9884125000000001,0.9436975000000001,0.40676000000000007,0.36100000000000004,-101.60013237038098,30.19996746340793,1.577467307387E12,200.23953782,902
1.0912625,1.0807300000000002,0.9973225000000001,0.9826925000000002,0.9412225000000001,0.39677750000000006,0.331355,-101.60013237038098,30.299949954530433,1.577467307387E12,233.76005995999998,903
1.0237775,1.0126125000000001,0.935805,0.9202400000000002,0.8864425,0.381955,0.3121875,-101.60013237038098,30.399932445652937,1.577467307387E12,238.47692755999998,904
1.0992925,1.089145,1.0188825000000001,1.00153,0.95797,0.4046975,0.3639425,-101.60013237038098,30.49991493677544,1.577467307387E12,200.85819944,905
0.9669075,0.95533,0.8743975000000002,0.8554775000000001,0.8176650000000001,0.369415,0.320575,-101.60013237038098,30.59989742789794,1.577467307387E12,215.20021136,906
0.9114950000000002,0.8992850000000001,0.8241825,0.8126875,0.7839225000000001,0.36399750000000003,0.30412999999999996,-101.60013237038098,30.699879919020443,1.577467307387E12,225.19450184,907
0.917875,0.90418,0.8288850000000001,0.8175275000000002,0.788845,0.38803250000000006,0.31994249999999996,-101.60013237038098,30.800131904728183,1.577467307387E12,233.40458588,908
0.9723525000000002,0.9652850000000002,0.8983225000000001,0.887955,0.8558075,0.41358,0.33721249999999997,-101.60013237038098,30.900114395850686,1.577467307387E12,233.79082214,909
0.821185,0.8041075,0.7508675,0.7402525,0.7199575,0.34532500000000005,0.28232250000000003,-101.60013237038098,31.00009688697319,1.577467307387E12,247.68849146,910
0.8737925,0.8614175000000002,0.7895325,0.7794400000000001,0.7522975000000001,0.34584750000000003,0.2761075,-101.60013237038098,31.10007937809569,1.577467283492E12,244.86178891999998,911
0.751225,0.7425900000000001,0.6789825,0.6795875,0.6762600000000001,0.35706750000000004,0.30963,-101.60013237038098,31.200061869218192,1.577467283492E12,241.0130984,912
0.7625550000000001,0.7472099999999999,0.7025224999999999,0.697435,0.6759575,0.38082750000000004,0.3258825,-101.60013237038098,31.300044360340696,1.577467283492E12,259.29266936,913
0.7876075,0.8010000000000002,0.7603275,0.774985,0.7843625000000001,0.49022250000000006,0.4138,-101.60013237038098,31.4000268514632,1.577467283492E12,246.84424052,914
0.727025,0.696885,0.632865,0.6163099999999999,0.5876000000000001,0.2850725,0.23307,-101.60013237038098,31.500009342585702,1.577467283492E12,259.060244,915
1.0573275000000002,1.0634050000000002,0.9790075,0.9820875,0.9479325000000001,0.44132750000000004,0.33504000000000006,-101.60013237038098,31.599991833708206,1.577467283492E12,254.4971873,916
0.8863325000000002,0.8663675000000002,0.7894224999999999,0.7734725,0.734175,0.3603125,0.30006000000000005,-101.60013237038098,31.699974324830706,1.577467283492E12,230.15404886,917
0.9179025000000001,0.9044000000000001,0.8297925000000002,0.8171975,0.7793300000000001,0.37794,0.29912500000000003,-101.60013237038098,31.79995681595321,1.577467283492E12,247.06641181999998,918
0.6314075000000001,0.624285,0.5882875000000001,0.5948599999999999,0.602395,0.37433750000000005,0.2838625,-101.60013237038098,31.899939307075712,1.577467283492E12,271.55652512,919
0.7249075,0.7250175000000001,0.6116900000000001,0.618125,0.6107549999999999,0.2449225,0.1678675,-101.60013237038098,31.999921798198216,1.577467283492E12,269.20492736,920
0.7090675,0.6909449999999999,0.593815,0.5896075000000001,0.5794600000000001,0.2644475,0.19572499999999998,-101.60013237038098,32.09990428932072,1.577467283492E12,270.96862568,921
1.1036375,1.0966525,1.041185,1.030845,0.9698225,0.453235,0.2771525,-101.60013237038098,32.19988678044322,1.577467283492E12,272.87246282,922
1.2813700000000001,1.2756225,1.2752100000000002,1.25607,1.1806925000000001,0.6621524999999999,0.421665,-101.60013237038098,32.299869271565726,1.577467283492E12,273.42960008,923
1.0620850000000002,1.0398925,0.9437800000000001,0.9227700000000001,0.8631500000000001,0.4108025,0.2762175,-101.60013237038098,32.40012125727346,1.577467283492E12,272.1512606,924
1.0681900000000002,1.0575475,0.9882475000000002,0.9704275,0.9103675,0.45549,0.29159,-101.60013237038098,32.500103748395965,1.577467283492E12,272.4076121,925
0.8740950000000001,0.8743425,0.8225325000000001,0.82894,0.81453,0.5527850000000001,0.38487,-101.60013237038098,32.60008623951847,1.577467283492E12,275.63764100000003,926
0.8552025000000001,0.8522050000000001,0.7957750000000001,0.8021,0.7862875,0.52457,0.3634475,-101.60013237038098,32.70006873064097,1.576084863256E12,274.98479918,927
0.90341,0.8971675000000001,0.8394175000000001,0.8410125000000002,0.8189850000000001,0.5284475,0.36396999999999996,-101.60013237038098,32.800051221763475,1.576084863256E12,271.39587818,928
0.7723175,0.756065,0.703155,0.7055475,0.6928700000000001,0.47193500000000005,0.3423,-101.60013237038098,32.90003371288598,1.576084863256E12,270.6131516,929
0.86711,0.8619400000000002,0.79803,0.7982500000000001,0.7759475,0.532435,0.40621,-101.60013237038098,33.00001620400848,1.576084863256E12,268.29231602,930
0.7596400000000001,0.7581,0.7232025,0.7373925000000001,0.7451475000000001,0.5539675,0.4352225,-101.60013237038098,33.099998695130985,1.576084863256E12,272.33241566,931
0.6334424999999999,0.6342125000000001,0.6065475,0.6358349999999999,0.6598975,0.5596325,0.48651000000000005,-101.60013237038098,33.19998118625348,1.576084863256E12,272.58876716,932
0.6383650000000001,0.6454325000000001,0.6295375000000001,0.6602000000000001,0.6927325,0.5689550000000001,0.47936000000000006,-101.60013237038098,33.299963677375985,1.576084863256E12,270.02183414,933
0.6331675000000001,0.6383375,0.622085,0.6494200000000001,0.6825300000000001,0.5252025,0.46596750000000003,-101.60013237038098,33.39994616849849,1.576084863256E12,263.71900526,934
0.5436825000000001,0.5588900000000001,0.5588625,0.5899650000000001,0.65107,0.5114799999999999,0.440035,-101.60013237038098,33.49992865962099,1.576084863256E12,260.76583598,935
-0.12492500000000001,-0.10529000000000001,0.03163250000000001,0.09730250000000001,0.2539975,0.26497,0.23444500000000001,-101.60013237038098,33.599911150743495,1.576084863256E12,277.05953732,936
0.049947500000000006,0.07145249999999997,0.12073250000000002,0.17323,0.2612025,0.32995250000000004,0.2735225,-101.60013237038098,33.699893641866,1.576084863256E12,284.04938821999997,937
0.0679325,0.10483749999999997,0.16544750000000003,0.23232750000000002,0.36718750000000006,0.3794525,0.2675825,-101.60013237038098,33.7998761329885,1.576084863256E12,283.97077376,938
0.05069000000000001,0.07376250000000001,0.11993500000000001,0.1714425,0.271515,0.32651500000000006,0.25232,-101.60013237038098,33.90012811869624,1.576084863256E12,283.73493038000004,939
0.6757925,0.7111025,0.7235875,0.7636275000000001,0.804025,0.681595,0.5823750000000001,-101.60013237038098,34.00011060981874,1.576084863256E12,272.2879814,940
0.43228000000000005,0.44603,0.4571125,0.5060899999999999,0.5803400000000001,0.46368499999999996,0.3797,-101.60013237038098,34.100093100941244,1.576084839365E12,271.87098296,941
0.40269000000000005,0.4163575,0.42084000000000005,0.46748000000000006,0.541015,0.45021000000000005,0.38308250000000005,-101.60013237038098,34.20007559206375,1.576084839365E12,267.15753338,942
0.1621475,0.17774,0.2149475,0.272945,0.38132250000000006,0.34161250000000004,0.295715,-101.60013237038098,34.30005808318625,1.576084839365E12,266.579888,943
0.34197000000000005,0.36119249999999997,0.38445750000000006,0.441355,0.5345249999999999,0.41572499999999996,0.36935999999999997,-101.60013237038098,34.400040574308754,1.576084839365E12,259.66523354000003,944
0.30236999999999997,0.32547,0.35115500000000005,0.4089875,0.5247900000000001,0.3693325,0.31634,-101.60013237038098,34.50002306543126,1.576084839365E12,251.63630455999999,945
0.20477250000000002,0.21923750000000003,0.2583975,0.30831000000000003,0.43162000000000006,0.2777575,0.2543,-101.60013237038098,34.60000555655376,1.576084839365E12,250.70660312,946
0.45947750000000004,0.4692125,0.472485,0.49476000000000003,0.59761,0.2744025,0.2715425,-101.60013237038098,34.699988047676264,1.576084839365E12,232.28689334,947
0.6685325,0.67604,0.64568,0.6508775,0.6713925000000001,0.277235,0.30063750000000006,-101.60013237038098,34.79997053879877,1.576084839365E12,224.43911942,948
0.5670575,0.5704125,0.5536650000000001,0.5568550000000001,0.575115,0.24431750000000002,0.26354,-101.60013237038098,34.899953029921264,1.576690008907E12,226.31219438,949
0.513625,0.5186575,0.5085925,0.52336,0.552235,0.26717,0.2788575,-101.60013237038098,34.99993552104377,1.576690008907E12,233.30204528000002,950
0.5380725,0.5545724999999999,0.515825,0.5432425000000001,0.578195,0.3025625,0.30063750000000006,-101.60013237038098,35.09991801216627,1.576690008907E12,238.51110776000002,951
0.31405750000000004,0.32404000000000005,0.33976999999999996,0.37835250000000004,0.44490250000000003,0.2717625,0.260185,-101.60013237038098,35.199900503288774,1.576690008907E12,244.4482085,952
0.017304999999999987,0.03182499999999999,0.08099499999999998,0.067135,0.44446250000000004,0.2511925,0.1231525,-101.60013237038098,35.29988299441128,1.576690008907E12,303.75427351999997,953
0.0592975,0.07714500000000002,0.12496750000000001,0.17353249999999998,0.134785,0.006607499999999988,0.005039999999999989,-101.60013237038098,35.39986548553378,1.576690008907E12,275.0053073,954
0.05019499999999999,0.06169000000000002,0.0870725,0.11867,0.212555,0.275365,0.19759500000000002,-101.60013237038098,35.500117471241516,1.57668998502E12,283.52984918,955
0.048022499999999996,0.056794999999999984,0.07599,0.10104249999999998,0.17345,0.2514125,0.181865,-101.60013237038098,35.60009996236402,1.57668998502E12,283.7896187,956
0.002867499999999995,0.014554999999999985,0.04447499999999999,0.01483000000000001,-0.00263250000000001,0.0015475000000000072,0.0021525000000000016,-101.60013237038098,35.70008245348652,1.57668998502E12,279.34619269999996,957
0.046262499999999984,0.058087500000000014,0.07626499999999997,0.1021975,0.1632475,0.264475,0.182855,-101.60013237038098,35.800064944609026,1.57668998502E12,285.42001424,958
0.0750825,0.11809249999999999,0.18750250000000002,0.2724225,0.41217750000000003,0.38264250000000005,0.2478375,-101.60013237038098,35.90004743573153,1.57668998502E12,284.27497754,959
0.04926,0.06933499999999998,0.1014275,0.15244000000000002,0.2562525,0.2958525,0.17441250000000003,-101.60013237038098,36.00002992685403,1.57668998502E12,285.74472614,960
0.04519000000000001,0.059242499999999976,0.0805825,0.10876999999999998,0.1649525,0.27432,0.2004825,-101.60013237038098,36.10001241797654,1.57668998502E12,285.10555639999995,961
0.050360000000000016,0.06012250000000002,0.07730999999999999,0.09867749999999997,0.14773750000000002,0.2730825,0.21019,-101.60013237038098,36.19999490909904,1.57668998502E12,284.05622426,962
0.049205,0.06160749999999998,0.085065,0.10954000000000003,0.17598000000000003,0.26717,0.1988875,-101.60013237038098,36.29997740022154,1.57668998502E12,283.95026564,963
0.055475,0.067465,0.09119749999999999,0.133135,0.2198425,0.32459,0.2260025,-101.60013237038098,36.39995989134405,1.57668998502E12,285.50204672,964
0.05288999999999999,0.06185499999999999,0.07962000000000002,0.10415000000000002,0.1634675,0.27470500000000003,0.1986675,-101.60013237038098,36.49994238246655,1.57668998502E12,285.47812058,965
0.049589999999999995,0.064,0.08927249999999998,0.12177749999999998,0.18555,0.284495,0.19404749999999998,-101.60013237038098,36.599924873589046,1.57668998502E12,286.26768319999996,966
0.06468750000000001,0.07546750000000002,0.10019,0.13121,0.19952000000000003,0.3106475,0.23840499999999998,-101.60013237038098,36.69990736471155,1.57668998502E12,286.53428876,967
0.06405499999999997,0.08105000000000001,0.1085775,0.14190750000000002,0.20614749999999998,0.3390825,0.27014,-101.60013237038098,36.79988985583405,1.57668998502E12,287.10851612,968
0.07092999999999999,0.09251749999999997,0.13374000000000003,0.18621,0.2771525,0.36061499999999996,0.2902975,-101.60013237038098,36.899872346956556,1.576689961129E12,285.03377797999997,969
0.08487250000000002,0.12241000000000002,0.18995,0.275695,0.42251750000000005,0.3818725,0.25419,-101.60013237038098,37.0001243326643,1.576689961129E12,282.85308122000004,970
0.03322749999999999,0.052092499999999986,0.08423999999999998,0.1145175,0.19190249999999998,0.240935,0.1652,-101.60013237038098,37.1001068237868,1.576689961129E12,281.80374908,971
0.08429500000000001,0.1053325,0.156125,0.2141225,0.29896,0.40599,0.34480249999999996,-101.60013237038098,37.2000893149093,1.576689961129E12,283.79987275999997,972
0.05817,0.07357000000000002,0.10514000000000001,0.14339249999999998,0.2141225,0.29868500000000003,0.24264000000000002,-101.60013237038098,37.3000718060318,1.576689961129E12,285.15340868,973
0.08357999999999999,0.10772500000000002,0.15796749999999998,0.2211075,0.3269275,0.38096500000000005,0.3036075,-101.60013237038098,37.400054297154306,1.576689961129E12,283.0034741,974
0.03471250000000001,0.04425499999999999,0.06279000000000001,0.08886,0.15750000000000003,0.23912,0.1484525,-101.60013237038098,37.50003678827681,1.576689961129E12,281.1406532,975
0.06488,0.08302999999999999,0.11820249999999999,0.15524500000000002,0.23298750000000001,0.3410625,0.2575175,-101.60013237038098,37.60001927939931,1.576689961129E12,282.24467366,976
0.0651275,0.07906999999999997,0.11691000000000001,0.157885,0.241155,0.33482000000000006,0.29665,-101.60013237038098,37.700001770521816,1.576689961129E12,285.32430968,977
0.079345,0.10216999999999998,0.1516425,0.2180825,0.3412825,0.40442249999999996,0.31829250000000003,-101.60013237038098,37.79998426164432,1.576689961129E12,282.93169567999996,978
0.07467000000000001,0.08982249999999997,0.1230425,0.16536499999999998,0.246875,0.37411750000000005,0.29962,-101.60013237038098,37.89996675276682,1.576689961129E12,282.71636042,979
0.0325675,0.0417525,0.05588749999999998,0.07915250000000001,0.1347025,0.2189625,0.1349225,-101.60013237038098,37.999949243889326,1.576689961129E12,280.95949814,980
0.060287499999999994,0.07359749999999998,0.10338000000000003,0.1339325,0.204745,0.2918375,0.25683,-101.60013237038098,38.09993173501183,1.576689961129E12,286.05234794,981
0.06851000000000002,0.08754,0.12879000000000002,0.16665750000000001,0.23417,0.3140025,0.279765,-101.60013237038098,38.19991422613433,1.576689961129E12,285.19784294,982
0.03949749999999999,0.04794000000000001,0.06606250000000002,0.08792499999999998,0.13968000000000003,0.2460775,0.16836250000000003,-101.60013237038098,38.299896717256836,1.576689961129E12,283.17779312,983
0.06606250000000002,0.07860250000000002,0.11193249999999999,0.14820499999999998,0.22429749999999998,0.31199499999999997,0.2876025,-101.60013237038098,38.39987920837933,1.576689961129E12,284.10749455999996,984
0.0632025,0.07739249999999998,0.11264750000000001,0.14375,0.22652499999999998,0.30055499999999996,0.266565,-101.60013237038098,38.500131194087075,1.576689937242E12,284.0801504,985
0.07123249999999998,0.09680749999999999,0.1370675,0.18461500000000003,0.26288,0.37505249999999996,0.27036,-101.60013237038098,38.60011368520958,1.576689937242E12,283.80329078,986
0.06144250000000001,0.0827,0.12037500000000001,0.16366000000000003,0.2462975,0.34686500000000003,0.23681000000000002,-101.60013237038098,38.70009617633208,1.576689937242E12,282.82915507999996,987
0.048435000000000006,0.060975,0.08668749999999997,0.140725,0.2377725,0.30578,0.181755,-101.60013237038098,38.800078667454585,1.576689937242E12,284.41853438,988
0.03971749999999999,0.05473250000000002,0.0772275,0.121145,0.21126250000000002,0.2511375,0.1439975,-101.60013237038098,38.90006115857708,1.576689937242E12,284.36042804,989
0.05151499999999998,0.06743749999999998,0.09238000000000002,0.12535249999999998,0.18675999999999998,0.273165,0.18090250000000002,-101.60013237038098,39.000043649699585,1.576689937242E12,283.49225096,990
0.055942500000000006,0.06988499999999997,0.09364499999999998,0.14364,0.2381025,0.32161999999999996,0.20788,-101.60013237038098,39.10002614082209,1.576689937242E12,284.71932014000004,991
0.057730000000000004,0.07051750000000001,0.09562500000000002,0.12318000000000001,0.23859750000000002,0.3108675,0.2538325,-101.60013237038098,39.20000863194459,1.576689937242E12,287.69641556,992
0.08500999999999997,0.11993500000000001,0.17551250000000002,0.249075,0.38088249999999996,0.3944675,0.26618,-101.60013237038098,39.299991123067095,1.576689937242E12,285.23202314,993
0.07434000000000002,0.10530499999999998,0.15937,0.22886250000000002,0.35195250000000006,0.37461249999999996,0.253695,-101.60013237038098,39.3999736141896,1.576689937242E12,285.18758888,994
0.05822499999999997,0.08300249999999998,0.12029250000000002,0.16558499999999998,0.250065,0.3256075,0.224655,-101.60013237038098,39.4999561053121,1.576689937242E12,285.04403204,995
0.028194999999999998,0.03969,0.06155250000000001,0.09994249999999999,0.18852000000000002,0.24536249999999998,0.1511475,-101.60013237038098,39.599938596434605,1.576689937242E12,285.81992258,996
0.07241500000000001,0.09812749999999998,0.14127499999999998,0.19539499999999999,0.2980525,0.3834125,0.298245,-101.60013237038098,39.69992108755711,1.576689937242E12,285.22518709999997,997
0.04832500000000001,0.06771250000000001,0.10571750000000002,0.13285999999999998,0.328605,0.3258825,0.2255625,-101.60013237038098,39.79990357867961,1.576689937242E12,281.25686587999996,998
0.037022499999999986,0.0473075,0.06958249999999999,0.0987325,0.16129500000000002,0.230595,0.15497,-101.60013237038098,39.899886069802115,1.577295082392E12,279.44873329999996,999
